PARTICIPANT_ID,EXPERIMENTTYPE,EXPERIMENTATTEMPT,TOTALATTEMPTCOUNT,LATINSQUARETYPE,PROMPT,CONFIDENT,UNCONFIDENT,KEYSTROKE_ID,PRESS_TIME,RELEASE_TIME,LETTER,KEYCODE,FREQUENCY,INPUTMETHOD,PROMPT_CHAR,CONFIDENT_MARKED_CHAR,UNCONFIDENT_MARKED_CHAR,WORD,D1U1,D1D2,U1U2,D1U2
60bf706fc3b12a3c4f11a487,prompt-to-image,1,5,6,create an aesthetic image of the night in a secluded place,"[10,38]","[44,58]",0,1756290052512,1756290052643,c,67, monthly, physical-keyboard,0,0,0,1,131.0,,,299.0
60bf706fc3b12a3c4f11a487,prompt-to-image,1,5,6,create an aesthetic image of the night in a secluded place,"[10,38]","[44,58]",1,1756290052707,1756290052811,r,82, monthly, physical-keyboard,1,0,0,1,104.0,195.0,168.0,315.0
60bf706fc3b12a3c4f11a487,prompt-to-image,1,5,6,create an aesthetic image of the night in a secluded place,"[10,38]","[44,58]",2,1756290052943,1756290053022,e,69, monthly, physical-keyboard,2,0,0,1,79.0,236.0,211.0,292.0
60bf706fc3b12a3c4f11a487,prompt-to-image,1,5,6,create an aesthetic image of the night in a secluded place,"[10,38]","[44,58]",3,1756290053074,1756290053235,a,65, monthly, physical-keyboard,3,0,0,1,161.0,131.0,213.0,357.0
60bf706fc3b12a3c4f11a487,prompt-to-image,1,5,6,create an aesthetic image of the night in a secluded place,"[10,38]","[44,58]",4,1756290053314,1756290053431,t,84, monthly, physical-keyboard,4,0,0,1,117.0,240.0,196.0,457.0
60bf706fc3b12a3c4f11a487,prompt-to-image,1,5,6,create an aesthetic image of the night in a secluded place,"[10,38]","[44,58]",5,1756290053611,1756290053771,e,69, monthly, physical-keyboard,5,0,0,1,160.0,297.0,340.0,378.0
60bf706fc3b12a3c4f11a487,prompt-to-image,1,5,6,create an aesthetic image of the night in a secluded place,"[10,38]","[44,58]",6,1756290053869,1756290053989, ,32, monthly, physical-keyboard,6,0,0,0,120.0,258.0,218.0,421.0
60bf706fc3b12a3c4f11a487,prompt-to-image,1,5,6,create an aesthetic image of the night in a secluded place,"[10,38]","[44,58]",7,1756290054139,1756290054290,a,65, monthly, physical-keyboard,7,0,0,1,151.0,270.0,301.0,268.0
60bf706fc3b12a3c4f11a487,prompt-to-image,1,5,6,create an aesthetic image of the night in a secluded place,"[10,38]","[44,58]",8,1756290054284,1756290054407,n,78, monthly, physical-keyboard,8,0,0,1,123.0,145.0,117.0,370.0
60bf706fc3b12a3c4f11a487,prompt-to-image,1,5,6,create an aesthetic image of the night in a secluded place,"[10,38]","[44,58]",9,1756290054566,1756290054654, ,32, monthly, physical-keyboard,9,0,0,0,88.0,282.0,247.0,771.0
60bf706fc3b12a3c4f11a487,prompt-to-image,1,5,6,create an aesthetic image of the night in a secluded place,"[10,38]","[44,58]",10,1756290055205,1756290055337,i,73, monthly, physical-keyboard,10,1,0,1,132.0,639.0,683.0,451.0
60bf706fc3b12a3c4f11a487,prompt-to-image,1,5,6,create an aesthetic image of the night in a secluded place,"[10,38]","[44,58]",11,1756290055591,1756290055656,m,77, monthly, physical-keyboard,10,1,0,1,65.0,386.0,319.0,412.0
60bf706fc3b12a3c4f11a487,prompt-to-image,1,5,6,create an aesthetic image of the night in a secluded place,"[10,38]","[44,58]",12,1756290055855,1756290056003,a,65, monthly, physical-keyboard,10,1,0,1,148.0,264.0,347.0,486.0
60bf706fc3b12a3c4f11a487,prompt-to-image,1,5,6,create an aesthetic image of the night in a secluded place,"[10,38]","[44,58]",13,1756290056245,1756290056341,g,71, monthly, physical-keyboard,10,1,0,1,96.0,390.0,338.0,302.0
60bf706fc3b12a3c4f11a487,prompt-to-image,1,5,6,create an aesthetic image of the night in a secluded place,"[10,38]","[44,58]",14,1756290056379,1756290056547,e,69, monthly, physical-keyboard,10,1,0,1,168.0,134.0,206.0,341.0
60bf706fc3b12a3c4f11a487,prompt-to-image,1,5,6,create an aesthetic image of the night in a secluded place,"[10,38]","[44,58]",15,1756290056628,1756290056720, ,32, monthly, physical-keyboard,10,1,0,1,92.0,249.0,173.0,757.0
60bf706fc3b12a3c4f11a487,prompt-to-image,1,5,6,create an aesthetic image of the night in a secluded place,"[10,38]","[44,58]",16,1756290057282,1756290057385,o,79, monthly, physical-keyboard,10,1,0,1,103.0,654.0,665.0,252.0
60bf706fc3b12a3c4f11a487,prompt-to-image,1,5,6,create an aesthetic image of the night in a secluded place,"[10,38]","[44,58]",17,1756290057370,1756290057534,f,70, monthly, physical-keyboard,10,1,0,1,164.0,88.0,149.0,679.0
60bf706fc3b12a3c4f11a487,prompt-to-image,1,5,6,create an aesthetic image of the night in a secluded place,"[10,38]","[44,58]",18,1756290057917,1756290058049, ,32, monthly, physical-keyboard,10,1,0,1,132.0,547.0,515.0,6286.0
60bf706fc3b12a3c4f11a487,prompt-to-image,1,5,6,create an aesthetic image of the night in a secluded place,"[10,38]","[44,58]",19,1756290063310,1756290064203,Backspace,8, monthly, physical-keyboard,10,1,0,1,893.0,5393.0,6154.0,1244.0
60bf706fc3b12a3c4f11a487,prompt-to-image,1,5,6,create an aesthetic image of the night in a secluded place,"[10,38]","[44,58]",20,1756290063811,1756290064554,Backspace,8, monthly, physical-keyboard,10,1,0,1,743.0,501.0,351.0,945.0
60bf706fc3b12a3c4f11a487,prompt-to-image,1,5,6,create an aesthetic image of the night in a secluded place,"[10,38]","[44,58]",21,1756290063894,1756290064756,Backspace,8, monthly, physical-keyboard,10,1,0,1,862.0,83.0,202.0,1128.0
60bf706fc3b12a3c4f11a487,prompt-to-image,1,5,6,create an aesthetic image of the night in a secluded place,"[10,38]","[44,58]",22,1756290063977,1756290065022,Backspace,8, monthly, physical-keyboard,10,1,0,1,1045.0,83.0,266.0,
60bf706fc3b12a3c4f11a487,prompt-to-image,1,5,6,create an aesthetic image of the night in a secluded place,"[10,38]","[44,58]",23,1756290064061,0,Backspace,8, monthly, physical-keyboard,10,1,0,1,,84.0,,
60bf706fc3b12a3c4f11a487,prompt-to-image,1,5,6,create an aesthetic image of the night in a secluded place,"[10,38]","[44,58]",24,1756290064146,0,Backspace,8, monthly, physical-keyboard,10,1,0,1,,85.0,,
60bf706fc3b12a3c4f11a487,prompt-to-image,1,5,6,create an aesthetic image of the night in a secluded place,"[10,38]","[44,58]",25,1756290064418,0,Backspace,8, monthly, physical-keyboard,10,1,0,1,,272.0,,
60bf706fc3b12a3c4f11a487,prompt-to-image,1,5,6,create an aesthetic image of the night in a secluded place,"[10,38]","[44,58]",26,1756290064676,0,Backspace,8, monthly, physical-keyboard,10,1,0,1,,258.0,,
60bf706fc3b12a3c4f11a487,prompt-to-image,1,5,6,create an aesthetic image of the night in a secluded place,"[10,38]","[44,58]",27,1756290064883,0,Backspace,8, monthly, physical-keyboard,10,1,0,1,,207.0,,499.0
60bf706fc3b12a3c4f11a487,prompt-to-image,1,5,6,create an aesthetic image of the night in a secluded place,"[10,38]","[44,58]",28,1756290065230,1756290065382,a,65, monthly, physical-keyboard,10,1,0,1,152.0,347.0,,688.0
60bf706fc3b12a3c4f11a487,prompt-to-image,1,5,6,create an aesthetic image of the night in a secluded place,"[10,38]","[44,58]",29,1756290065803,1756290065918,e,69, monthly, physical-keyboard,11,1,0,1,115.0,573.0,536.0,412.0
60bf706fc3b12a3c4f11a487,prompt-to-image,1,5,6,create an aesthetic image of the night in a secluded place,"[10,38]","[44,58]",30,1756290066087,1756290066215,s,83, monthly, physical-keyboard,12,1,0,1,128.0,284.0,297.0,314.0
60bf706fc3b12a3c4f11a487,prompt-to-image,1,5,6,create an aesthetic image of the night in a secluded place,"[10,38]","[44,58]",31,1756290066285,1756290066401,t,84, monthly, physical-keyboard,13,1,0,1,116.0,198.0,186.0,451.0
60bf706fc3b12a3c4f11a487,prompt-to-image,1,5,6,create an aesthetic image of the night in a secluded place,"[10,38]","[44,58]",32,1756290066621,1756290066736,h,72, monthly, physical-keyboard,14,1,0,1,115.0,336.0,335.0,246.0
60bf706fc3b12a3c4f11a487,prompt-to-image,1,5,6,create an aesthetic image of the night in a secluded place,"[10,38]","[44,58]",33,1756290066740,1756290066867,e,69, monthly, physical-keyboard,15,1,0,1,127.0,119.0,131.0,319.0
60bf706fc3b12a3c4f11a487,prompt-to-image,1,5,6,create an aesthetic image of the night in a secluded place,"[10,38]","[44,58]",34,1756290066963,1756290067059,t,84, monthly, physical-keyboard,16,1,0,1,96.0,223.0,192.0,574.0
60bf706fc3b12a3c4f11a487,prompt-to-image,1,5,6,create an aesthetic image of the night in a secluded place,"[10,38]","[44,58]",35,1756290067430,1756290067537,i,73, monthly, physical-keyboard,17,1,0,1,107.0,467.0,478.0,321.0
60bf706fc3b12a3c4f11a487,prompt-to-image,1,5,6,create an aesthetic image of the night in a secluded place,"[10,38]","[44,58]",36,1756290067595,1756290067751,c,67, monthly, physical-keyboard,18,1,0,1,156.0,165.0,214.0,655.0
60bf706fc3b12a3c4f11a487,prompt-to-image,1,5,6,create an aesthetic image of the night in a secluded place,"[10,38]","[44,58]",37,1756290068141,1756290068250, ,32, monthly, physical-keyboard,19,1,0,0,109.0,546.0,499.0,986.0
60bf706fc3b12a3c4f11a487,prompt-to-image,1,5,6,create an aesthetic image of the night in a secluded place,"[10,38]","[44,58]",38,1756290068979,1756290069127,i,73, monthly, physical-keyboard,20,1,0,1,148.0,838.0,877.0,683.0
60bf706fc3b12a3c4f11a487,prompt-to-image,1,5,6,create an aesthetic image of the night in a secluded place,"[10,38]","[44,58]",39,1756290069474,1756290069662,m,77, monthly, physical-keyboard,21,1,0,1,188.0,495.0,535.0,421.0
60bf706fc3b12a3c4f11a487,prompt-to-image,1,5,6,create an aesthetic image of the night in a secluded place,"[10,38]","[44,58]",40,1756290069715,1756290069895,a,65, monthly, physical-keyboard,22,1,0,1,180.0,241.0,233.0,565.0
60bf706fc3b12a3c4f11a487,prompt-to-image,1,5,6,create an aesthetic image of the night in a secluded place,"[10,38]","[44,58]",41,1756290070132,1756290070280,g,71, monthly, physical-keyboard,23,1,0,1,148.0,417.0,385.0,1245.0
60bf706fc3b12a3c4f11a487,prompt-to-image,1,5,6,create an aesthetic image of the night in a secluded place,"[10,38]","[44,58]",42,1756290071228,1756290071377,e,69, monthly, physical-keyboard,24,1,0,1,149.0,1096.0,1097.0,481.0
60bf706fc3b12a3c4f11a487,prompt-to-image,1,5,6,create an aesthetic image of the night in a secluded place,"[10,38]","[44,58]",43,1756290071583,1756290071709, ,32, monthly, physical-keyboard,25,1,0,0,126.0,355.0,332.0,1110.0
60bf706fc3b12a3c4f11a487,prompt-to-image,1,5,6,create an aesthetic image of the night in a secluded place,"[10,38]","[44,58]",44,1756290072509,1756290072693,o,79, monthly, physical-keyboard,26,1,0,1,184.0,926.0,984.0,442.0
60bf706fc3b12a3c4f11a487,prompt-to-image,1,5,6,create an aesthetic image of the night in a secluded place,"[10,38]","[44,58]",45,1756290072778,1756290072951,f,70, monthly, physical-keyboard,27,1,0,1,173.0,269.0,258.0,8995.0
60bf706fc3b12a3c4f11a487,prompt-to-image,1,5,6,create an aesthetic image of the night in a secluded place,"[10,38]","[44,58]",46,1756290081551,1756290081773, ,32, monthly, physical-keyboard,28,1,0,0,222.0,8773.0,8822.0,2081.0
60bf706fc3b12a3c4f11a487,prompt-to-image,1,5,6,create an aesthetic image of the night in a secluded place,"[10,38]","[44,58]",47,1756290083473,1756290083632,t,84, monthly, physical-keyboard,29,1,0,1,159.0,1922.0,1859.0,279.0
60bf706fc3b12a3c4f11a487,prompt-to-image,1,5,6,create an aesthetic image of the night in a secluded place,"[10,38]","[44,58]",48,1756290083600,1756290083752,h,72, monthly, physical-keyboard,30,1,0,1,152.0,127.0,120.0,423.0
60bf706fc3b12a3c4f11a487,prompt-to-image,1,5,6,create an aesthetic image of the night in a secluded place,"[10,38]","[44,58]",49,1756290083859,1756290084023,r,82, monthly, physical-keyboard,31,1,0,1,164.0,259.0,271.0,353.0
60bf706fc3b12a3c4f11a487,prompt-to-image,1,5,6,create an aesthetic image of the night in a secluded place,"[10,38]","[44,58]",50,1756290084068,1756290084212, ,32, monthly, physical-keyboard,32,1,0,0,144.0,209.0,189.0,705.0
60bf706fc3b12a3c4f11a487,prompt-to-image,1,5,6,create an aesthetic image of the night in a secluded place,"[10,38]","[44,58]",51,1756290084646,1756290084773,n,78, monthly, physical-keyboard,33,1,0,1,127.0,578.0,561.0,499.0
60bf706fc3b12a3c4f11a487,prompt-to-image,1,5,6,create an aesthetic image of the night in a secluded place,"[10,38]","[44,58]",52,1756290085009,1756290085145,i,73, monthly, physical-keyboard,34,1,0,1,136.0,363.0,372.0,304.0
60bf706fc3b12a3c4f11a487,prompt-to-image,1,5,6,create an aesthetic image of the night in a secluded place,"[10,38]","[44,58]",53,1756290085193,1756290085313,g,71, monthly, physical-keyboard,35,1,0,1,120.0,184.0,168.0,483.0
60bf706fc3b12a3c4f11a487,prompt-to-image,1,5,6,create an aesthetic image of the night in a secluded place,"[10,38]","[44,58]",54,1756290085558,1756290085676,h,72, monthly, physical-keyboard,36,1,0,1,118.0,365.0,363.0,366.0
60bf706fc3b12a3c4f11a487,prompt-to-image,1,5,6,create an aesthetic image of the night in a secluded place,"[10,38]","[44,58]",55,1756290085743,1756290085924,t,84, monthly, physical-keyboard,37,1,0,1,181.0,185.0,248.0,532.0
60bf706fc3b12a3c4f11a487,prompt-to-image,1,5,6,create an aesthetic image of the night in a secluded place,"[10,38]","[44,58]",56,1756290086156,1756290086275, ,32, monthly, physical-keyboard,38,1,0,0,119.0,413.0,351.0,1041.0
60bf706fc3b12a3c4f11a487,prompt-to-image,1,5,6,create an aesthetic image of the night in a secluded place,"[10,38]","[44,58]",57,1756290087086,1756290087197,i,73, monthly, physical-keyboard,39,0,0,1,111.0,930.0,922.0,467.0
60bf706fc3b12a3c4f11a487,prompt-to-image,1,5,6,create an aesthetic image of the night in a secluded place,"[10,38]","[44,58]",58,1756290087429,1756290087553,n,78, monthly, physical-keyboard,40,0,0,1,124.0,343.0,356.0,516.0
60bf706fc3b12a3c4f11a487,prompt-to-image,1,5,6,create an aesthetic image of the night in a secluded place,"[10,38]","[44,58]",59,1756290087788,1756290087945, ,32, monthly, physical-keyboard,41,0,0,0,157.0,359.0,392.0,455.0
60bf706fc3b12a3c4f11a487,prompt-to-image,1,5,6,create an aesthetic image of the night in a secluded place,"[10,38]","[44,58]",60,1756290088090,1756290088243,a,65, monthly, physical-keyboard,42,0,0,1,153.0,302.0,298.0,344.0
60bf706fc3b12a3c4f11a487,prompt-to-image,1,5,6,create an aesthetic image of the night in a secluded place,"[10,38]","[44,58]",61,1756290088290,1756290088434, ,32, monthly, physical-keyboard,43,0,0,0,144.0,200.0,191.0,413.0
60bf706fc3b12a3c4f11a487,prompt-to-image,1,5,6,create an aesthetic image of the night in a secluded place,"[10,38]","[44,58]",62,1756290088555,1756290088703,s,83, monthly, physical-keyboard,44,0,1,1,148.0,265.0,269.0,811.0
60bf706fc3b12a3c4f11a487,prompt-to-image,1,5,6,create an aesthetic image of the night in a secluded place,"[10,38]","[44,58]",63,1756290089223,1756290089366,e,69, monthly, physical-keyboard,45,0,1,1,143.0,668.0,663.0,701.0
60bf706fc3b12a3c4f11a487,prompt-to-image,1,5,6,create an aesthetic image of the night in a secluded place,"[10,38]","[44,58]",64,1756290089756,1756290089924,c,67, monthly, physical-keyboard,46,0,1,1,168.0,533.0,558.0,356.0
60bf706fc3b12a3c4f11a487,prompt-to-image,1,5,6,create an aesthetic image of the night in a secluded place,"[10,38]","[44,58]",65,1756290089968,1756290090112,l,76, monthly, physical-keyboard,47,0,1,1,144.0,212.0,188.0,531.0
60bf706fc3b12a3c4f11a487,prompt-to-image,1,5,6,create an aesthetic image of the night in a secluded place,"[10,38]","[44,58]",66,1756290090362,1756290090499,u,85, monthly, physical-keyboard,48,0,1,1,137.0,394.0,387.0,364.0
60bf706fc3b12a3c4f11a487,prompt-to-image,1,5,6,create an aesthetic image of the night in a secluded place,"[10,38]","[44,58]",67,1756290090515,1756290090726,d,68, monthly, physical-keyboard,49,0,1,1,211.0,153.0,227.0,389.0
60bf706fc3b12a3c4f11a487,prompt-to-image,1,5,6,create an aesthetic image of the night in a secluded place,"[10,38]","[44,58]",68,1756290090721,1756290090904,e,69, monthly, physical-keyboard,50,0,1,1,183.0,206.0,178.0,405.0
60bf706fc3b12a3c4f11a487,prompt-to-image,1,5,6,create an aesthetic image of the night in a secluded place,"[10,38]","[44,58]",69,1756290090926,1756290091126,d,68, monthly, physical-keyboard,51,0,1,1,200.0,205.0,222.0,515.0
60bf706fc3b12a3c4f11a487,prompt-to-image,1,5,6,create an aesthetic image of the night in a secluded place,"[10,38]","[44,58]",70,1756290091329,1756290091441, ,32, monthly, physical-keyboard,52,0,1,0,112.0,403.0,315.0,634.0
60bf706fc3b12a3c4f11a487,prompt-to-image,1,5,6,create an aesthetic image of the night in a secluded place,"[10,38]","[44,58]",71,1756290091858,1756290091963,p,80, monthly, physical-keyboard,53,0,1,1,105.0,529.0,522.0,673.0
60bf706fc3b12a3c4f11a487,prompt-to-image,1,5,6,create an aesthetic image of the night in a secluded place,"[10,38]","[44,58]",72,1756290092423,1756290092531,l,76, monthly, physical-keyboard,54,0,1,1,108.0,565.0,568.0,418.0
60bf706fc3b12a3c4f11a487,prompt-to-image,1,5,6,create an aesthetic image of the night in a secluded place,"[10,38]","[44,58]",73,1756290092661,1756290092841,a,65, monthly, physical-keyboard,55,0,1,1,180.0,238.0,310.0,375.0
60bf706fc3b12a3c4f11a487,prompt-to-image,1,5,6,create an aesthetic image of the night in a secluded place,"[10,38]","[44,58]",74,1756290092936,1756290093036,c,67, monthly, physical-keyboard,56,0,1,1,100.0,275.0,195.0,555.0
60bf706fc3b12a3c4f11a487,prompt-to-image,1,5,6,create an aesthetic image of the night in a secluded place,"[10,38]","[44,58]",75,1756290093342,1756290093491,e,69, monthly, physical-keyboard,57,0,1,1,149.0,406.0,455.0,
