PARTICIPANT_ID,EXPERIMENTTYPE,EXPERIMENTATTEMPT,TOTALATTEMPTCOUNT,LATINSQUARETYPE,PROMPT,CONFIDENT,UNCONFIDENT,KEYSTROKE_ID,PRESS_TIME,RELEASE_TIME,LETTER,KEYCODE,FREQUENCY,INPUTMETHOD,PROMPT_CHAR,CONFIDENT_MARKED_CHAR,UNCONFIDENT_MARKED_CHAR,WORD,D1U1,D1D2,U1U2,D1U2
65a3ec77f674ac3e98f0c6ac,prompt-to-text,0,2,4,A couple of teenagers skateboarding in a park.,"[22,35]","[36,45]",0,1756282334455,1756282334543,CapsLock,20, monthly, physical-keyboard,-1,0,0,0,88.0,,,379.0
65a3ec77f674ac3e98f0c6ac,prompt-to-text,0,2,4,A couple of teenagers skateboarding in a park.,"[22,35]","[36,45]",1,1756282334752,1756282334834,A,65, monthly, physical-keyboard,0,0,0,1,82.0,297.0,291.0,352.0
65a3ec77f674ac3e98f0c6ac,prompt-to-text,0,2,4,A couple of teenagers skateboarding in a park.,"[22,35]","[36,45]",2,1756282335044,1756282335104,CapsLock,20, monthly, physical-keyboard,-1,0,0,0,60.0,292.0,270.0,790.0
65a3ec77f674ac3e98f0c6ac,prompt-to-text,0,2,4,A couple of teenagers skateboarding in a park.,"[22,35]","[36,45]",3,1756282335703,1756282335834, ,32, monthly, physical-keyboard,1,0,0,0,131.0,659.0,730.0,419.0
65a3ec77f674ac3e98f0c6ac,prompt-to-text,0,2,4,A couple of teenagers skateboarding in a park.,"[22,35]","[36,45]",4,1756282336025,1756282336122,c,67, monthly, physical-keyboard,2,0,0,1,97.0,322.0,288.0,377.0
65a3ec77f674ac3e98f0c6ac,prompt-to-text,0,2,4,A couple of teenagers skateboarding in a park.,"[22,35]","[36,45]",5,1756282336272,1756282336402,o,79, monthly, physical-keyboard,3,0,0,1,130.0,247.0,280.0,307.0
65a3ec77f674ac3e98f0c6ac,prompt-to-text,0,2,4,A couple of teenagers skateboarding in a park.,"[22,35]","[36,45]",6,1756282336469,1756282336579,u,85, monthly, physical-keyboard,4,0,0,1,110.0,197.0,177.0,282.0
65a3ec77f674ac3e98f0c6ac,prompt-to-text,0,2,4,A couple of teenagers skateboarding in a park.,"[22,35]","[36,45]",7,1756282336647,1756282336751,p,80, monthly, physical-keyboard,5,0,0,1,104.0,178.0,172.0,371.0
65a3ec77f674ac3e98f0c6ac,prompt-to-text,0,2,4,A couple of teenagers skateboarding in a park.,"[22,35]","[36,45]",8,1756282336882,1756282337018,l,76, monthly, physical-keyboard,6,0,0,1,136.0,235.0,267.0,351.0
65a3ec77f674ac3e98f0c6ac,prompt-to-text,0,2,4,A couple of teenagers skateboarding in a park.,"[22,35]","[36,45]",9,1756282337151,1756282337233,e,69, monthly, physical-keyboard,7,0,0,1,82.0,269.0,215.0,260.0
65a3ec77f674ac3e98f0c6ac,prompt-to-text,0,2,4,A couple of teenagers skateboarding in a park.,"[22,35]","[36,45]",10,1756282337332,1756282337411, ,32, monthly, physical-keyboard,8,0,0,0,79.0,181.0,178.0,364.0
65a3ec77f674ac3e98f0c6ac,prompt-to-text,0,2,4,A couple of teenagers skateboarding in a park.,"[22,35]","[36,45]",11,1756282337560,1756282337696,o,79, monthly, physical-keyboard,9,0,0,1,136.0,228.0,285.0,251.0
65a3ec77f674ac3e98f0c6ac,prompt-to-text,0,2,4,A couple of teenagers skateboarding in a park.,"[22,35]","[36,45]",12,1756282337731,1756282337811,f,70, monthly, physical-keyboard,10,0,0,1,80.0,171.0,115.0,304.0
65a3ec77f674ac3e98f0c6ac,prompt-to-text,0,2,4,A couple of teenagers skateboarding in a park.,"[22,35]","[36,45]",13,1756282337953,1756282338035, ,32, monthly, physical-keyboard,11,0,0,0,82.0,222.0,224.0,224.0
65a3ec77f674ac3e98f0c6ac,prompt-to-text,0,2,4,A couple of teenagers skateboarding in a park.,"[22,35]","[36,45]",14,1756282338109,1756282338177,t,84, monthly, physical-keyboard,12,0,0,1,68.0,156.0,142.0,388.0
65a3ec77f674ac3e98f0c6ac,prompt-to-text,0,2,4,A couple of teenagers skateboarding in a park.,"[22,35]","[36,45]",15,1756282338421,1756282338497,e,69, monthly, physical-keyboard,13,0,0,1,76.0,312.0,320.0,274.0
65a3ec77f674ac3e98f0c6ac,prompt-to-text,0,2,4,A couple of teenagers skateboarding in a park.,"[22,35]","[36,45]",16,1756282338634,1756282338695,e,69, monthly, physical-keyboard,14,0,0,1,61.0,213.0,198.0,276.0
65a3ec77f674ac3e98f0c6ac,prompt-to-text,0,2,4,A couple of teenagers skateboarding in a park.,"[22,35]","[36,45]",17,1756282338783,1756282338910,n,78, monthly, physical-keyboard,15,0,0,1,127.0,149.0,215.0,548.0
65a3ec77f674ac3e98f0c6ac,prompt-to-text,0,2,4,A couple of teenagers skateboarding in a park.,"[22,35]","[36,45]",18,1756282339239,1756282339331,a,65, monthly, physical-keyboard,16,0,0,1,92.0,456.0,421.0,472.0
65a3ec77f674ac3e98f0c6ac,prompt-to-text,0,2,4,A couple of teenagers skateboarding in a park.,"[22,35]","[36,45]",19,1756282339641,1756282339711,g,71, monthly, physical-keyboard,17,0,0,1,70.0,402.0,380.0,415.0
65a3ec77f674ac3e98f0c6ac,prompt-to-text,0,2,4,A couple of teenagers skateboarding in a park.,"[22,35]","[36,45]",20,1756282339964,1756282340056,e,69, monthly, physical-keyboard,18,0,0,1,92.0,323.0,345.0,271.0
65a3ec77f674ac3e98f0c6ac,prompt-to-text,0,2,4,A couple of teenagers skateboarding in a park.,"[22,35]","[36,45]",21,1756282340195,1756282340235,r,82, monthly, physical-keyboard,19,0,0,1,40.0,231.0,179.0,859.0
65a3ec77f674ac3e98f0c6ac,prompt-to-text,0,2,4,A couple of teenagers skateboarding in a park.,"[22,35]","[36,45]",22,1756282340914,1756282341054,",",188, monthly, physical-keyboard,20,0,0,1,140.0,719.0,819.0,1137.0
65a3ec77f674ac3e98f0c6ac,prompt-to-text,0,2,4,A couple of teenagers skateboarding in a park.,"[22,35]","[36,45]",23,1756282341918,1756282342051,Backspace,8, monthly, physical-keyboard,20,0,0,1,133.0,1004.0,997.0,411.0
65a3ec77f674ac3e98f0c6ac,prompt-to-text,0,2,4,A couple of teenagers skateboarding in a park.,"[22,35]","[36,45]",24,1756282342253,1756282342329,s,83, monthly, physical-keyboard,20,0,0,1,76.0,335.0,278.0,717.0
65a3ec77f674ac3e98f0c6ac,prompt-to-text,0,2,4,A couple of teenagers skateboarding in a park.,"[22,35]","[36,45]",25,1756282342858,1756282342970, ,32, monthly, physical-keyboard,21,0,0,0,112.0,605.0,641.0,453.0
65a3ec77f674ac3e98f0c6ac,prompt-to-text,0,2,4,A couple of teenagers skateboarding in a park.,"[22,35]","[36,45]",26,1756282343213,1756282343311,s,83, monthly, physical-keyboard,22,1,0,1,98.0,355.0,341.0,281.0
65a3ec77f674ac3e98f0c6ac,prompt-to-text,0,2,4,A couple of teenagers skateboarding in a park.,"[22,35]","[36,45]",27,1756282343377,1756282343494,k,75, monthly, physical-keyboard,23,1,0,1,117.0,164.0,183.0,259.0
65a3ec77f674ac3e98f0c6ac,prompt-to-text,0,2,4,A couple of teenagers skateboarding in a park.,"[22,35]","[36,45]",28,1756282343564,1756282343636,a,65, monthly, physical-keyboard,24,1,0,1,72.0,187.0,142.0,419.0
65a3ec77f674ac3e98f0c6ac,prompt-to-text,0,2,4,A couple of teenagers skateboarding in a park.,"[22,35]","[36,45]",29,1756282343913,1756282343983,t,84, monthly, physical-keyboard,25,1,0,1,70.0,349.0,347.0,326.0
65a3ec77f674ac3e98f0c6ac,prompt-to-text,0,2,4,A couple of teenagers skateboarding in a park.,"[22,35]","[36,45]",30,1756282344163,1756282344239,e,69, monthly, physical-keyboard,26,1,0,1,76.0,250.0,256.0,397.0
65a3ec77f674ac3e98f0c6ac,prompt-to-text,0,2,4,A couple of teenagers skateboarding in a park.,"[22,35]","[36,45]",31,1756282344486,1756282344560,b,66, monthly, physical-keyboard,27,1,0,1,74.0,323.0,321.0,328.0
65a3ec77f674ac3e98f0c6ac,prompt-to-text,0,2,4,A couple of teenagers skateboarding in a park.,"[22,35]","[36,45]",32,1756282344690,1756282344814,o,79, monthly, physical-keyboard,28,1,0,1,124.0,204.0,254.0,440.0
65a3ec77f674ac3e98f0c6ac,prompt-to-text,0,2,4,A couple of teenagers skateboarding in a park.,"[22,35]","[36,45]",33,1756282345027,1756282345130,a,65, monthly, physical-keyboard,29,1,0,1,103.0,337.0,316.0,445.0
65a3ec77f674ac3e98f0c6ac,prompt-to-text,0,2,4,A couple of teenagers skateboarding in a park.,"[22,35]","[36,45]",34,1756282345392,1756282345472,r,82, monthly, physical-keyboard,30,1,0,1,80.0,365.0,342.0,381.0
65a3ec77f674ac3e98f0c6ac,prompt-to-text,0,2,4,A couple of teenagers skateboarding in a park.,"[22,35]","[36,45]",35,1756282345693,1756282345773,d,68, monthly, physical-keyboard,31,1,0,1,80.0,301.0,301.0,313.0
65a3ec77f674ac3e98f0c6ac,prompt-to-text,0,2,4,A couple of teenagers skateboarding in a park.,"[22,35]","[36,45]",36,1756282345899,1756282346006,i,73, monthly, physical-keyboard,32,1,0,1,107.0,206.0,233.0,370.0
65a3ec77f674ac3e98f0c6ac,prompt-to-text,0,2,4,A couple of teenagers skateboarding in a park.,"[22,35]","[36,45]",37,1756282346189,1756282346269,n,78, monthly, physical-keyboard,33,1,0,1,80.0,290.0,263.0,253.0
65a3ec77f674ac3e98f0c6ac,prompt-to-text,0,2,4,A couple of teenagers skateboarding in a park.,"[22,35]","[36,45]",38,1756282346369,1756282346442,g,71, monthly, physical-keyboard,34,1,0,1,73.0,180.0,173.0,270.0
65a3ec77f674ac3e98f0c6ac,prompt-to-text,0,2,4,A couple of teenagers skateboarding in a park.,"[22,35]","[36,45]",39,1756282346519,1756282346639, ,32, monthly, physical-keyboard,35,1,0,0,120.0,150.0,197.0,450.0
65a3ec77f674ac3e98f0c6ac,prompt-to-text,0,2,4,A couple of teenagers skateboarding in a park.,"[22,35]","[36,45]",40,1756282346850,1756282346969,i,73, monthly, physical-keyboard,36,0,1,1,119.0,331.0,330.0,991.0
65a3ec77f674ac3e98f0c6ac,prompt-to-text,0,2,4,A couple of teenagers skateboarding in a park.,"[22,35]","[36,45]",41,1756282347705,1756282347841,n,78, monthly, physical-keyboard,37,0,1,1,136.0,855.0,872.0,535.0
65a3ec77f674ac3e98f0c6ac,prompt-to-text,0,2,4,A couple of teenagers skateboarding in a park.,"[22,35]","[36,45]",42,1756282348121,1756282348240, ,32, monthly, physical-keyboard,38,0,1,0,119.0,416.0,399.0,389.0
65a3ec77f674ac3e98f0c6ac,prompt-to-text,0,2,4,A couple of teenagers skateboarding in a park.,"[22,35]","[36,45]",43,1756282348416,1756282348510,a,65, monthly, physical-keyboard,39,0,1,1,94.0,295.0,270.0,357.0
65a3ec77f674ac3e98f0c6ac,prompt-to-text,0,2,4,A couple of teenagers skateboarding in a park.,"[22,35]","[36,45]",44,1756282348669,1756282348773, ,32, monthly, physical-keyboard,40,0,1,0,104.0,253.0,263.0,457.0
65a3ec77f674ac3e98f0c6ac,prompt-to-text,0,2,4,A couple of teenagers skateboarding in a park.,"[22,35]","[36,45]",45,1756282349016,1756282349126,p,80, monthly, physical-keyboard,41,0,1,1,110.0,347.0,353.0,259.0
65a3ec77f674ac3e98f0c6ac,prompt-to-text,0,2,4,A couple of teenagers skateboarding in a park.,"[22,35]","[36,45]",46,1756282349190,1756282349275,a,65, monthly, physical-keyboard,42,0,1,1,85.0,174.0,149.0,389.0
65a3ec77f674ac3e98f0c6ac,prompt-to-text,0,2,4,A couple of teenagers skateboarding in a park.,"[22,35]","[36,45]",47,1756282349503,1756282349579,r,82, monthly, physical-keyboard,43,0,1,1,76.0,313.0,304.0,230.0
65a3ec77f674ac3e98f0c6ac,prompt-to-text,0,2,4,A couple of teenagers skateboarding in a park.,"[22,35]","[36,45]",48,1756282349647,1756282349733,k,75, monthly, physical-keyboard,44,0,1,1,86.0,144.0,154.0,1532.0
65a3ec77f674ac3e98f0c6ac,prompt-to-text,0,2,4,A couple of teenagers skateboarding in a park.,"[22,35]","[36,45]",49,1756282351102,1756282351179,.,190, monthly, physical-keyboard,45,0,1,1,77.0,1455.0,1446.0,
