PARTICIPANT_ID,EXPERIMENTTYPE,EXPERIMENTATTEMPT,TOTALATTEMPTCOUNT,LATINSQUARETYPE,PROMPT,CONFIDENT,UNCONFIDENT,KEYSTROKE_ID,PRESS_TIME,RELEASE_TIME,LETTER,KEYCODE,FREQUENCY,INPUTMETHOD,PROMPT_CHAR,CONFIDENT_MARKED_CHAR,UNCONFIDENT_MARKED_CHAR,WORD,D1U1,D1D2,U1U2,D1U2
67acbb030811018b016dcaf7,prompt-to-image,1,2,1,Please create a photo realistic image of a dragon eating a flock of sheep.,"[0,74]","[0,7]",0,1756270491511,1756270491877,Shift,16, monthly, physical-keyboard,0,1,1,1,366.0,,,299.0
67acbb030811018b016dcaf7,prompt-to-image,1,2,1,Please create a photo realistic image of a dragon eating a flock of sheep.,"[0,74]","[0,7]",1,1756270491690,1756270491810,H,72, monthly, physical-keyboard,0,1,1,1,120.0,179.0,,621.0
67acbb030811018b016dcaf7,prompt-to-image,1,2,1,Please create a photo realistic image of a dragon eating a flock of sheep.,"[0,74]","[0,7]",2,1756270492207,1756270492311,Backspace,8, monthly, physical-keyboard,0,1,1,1,104.0,517.0,501.0,499.0
67acbb030811018b016dcaf7,prompt-to-image,1,2,1,Please create a photo realistic image of a dragon eating a flock of sheep.,"[0,74]","[0,7]",3,1756270492440,1756270492706,Shift,16, monthly, physical-keyboard,0,1,1,1,266.0,233.0,395.0,341.0
67acbb030811018b016dcaf7,prompt-to-image,1,2,1,Please create a photo realistic image of a dragon eating a flock of sheep.,"[0,74]","[0,7]",4,1756270492655,1756270492781,P,80, monthly, physical-keyboard,0,1,1,1,126.0,215.0,75.0,345.0
67acbb030811018b016dcaf7,prompt-to-image,1,2,1,Please create a photo realistic image of a dragon eating a flock of sheep.,"[0,74]","[0,7]",5,1756270492869,1756270493000,l,76, monthly, physical-keyboard,1,1,1,1,131.0,214.0,219.0,208.0
67acbb030811018b016dcaf7,prompt-to-image,1,2,1,Please create a photo realistic image of a dragon eating a flock of sheep.,"[0,74]","[0,7]",6,1756270492989,1756270493077,e,69, monthly, physical-keyboard,2,1,1,1,88.0,120.0,77.0,329.0
67acbb030811018b016dcaf7,prompt-to-image,1,2,1,Please create a photo realistic image of a dragon eating a flock of sheep.,"[0,74]","[0,7]",7,1756270493204,1756270493318,a,65, monthly, physical-keyboard,3,1,1,1,114.0,215.0,241.0,147.0
67acbb030811018b016dcaf7,prompt-to-image,1,2,1,Please create a photo realistic image of a dragon eating a flock of sheep.,"[0,74]","[0,7]",8,1756270493240,1756270493351,s,83, monthly, physical-keyboard,4,1,1,1,111.0,36.0,33.0,284.0
67acbb030811018b016dcaf7,prompt-to-image,1,2,1,Please create a photo realistic image of a dragon eating a flock of sheep.,"[0,74]","[0,7]",9,1756270493437,1756270493524,e,69, monthly, physical-keyboard,5,1,1,1,87.0,197.0,173.0,264.0
67acbb030811018b016dcaf7,prompt-to-image,1,2,1,Please create a photo realistic image of a dragon eating a flock of sheep.,"[0,74]","[0,7]",10,1756270493585,1756270493701, ,32, monthly, physical-keyboard,6,1,1,0,116.0,148.0,177.0,604.0
67acbb030811018b016dcaf7,prompt-to-image,1,2,1,Please create a photo realistic image of a dragon eating a flock of sheep.,"[0,74]","[0,7]",11,1756270494085,1756270494189,c,67, monthly, physical-keyboard,7,1,1,1,104.0,500.0,488.0,479.0
67acbb030811018b016dcaf7,prompt-to-image,1,2,1,Please create a photo realistic image of a dragon eating a flock of sheep.,"[0,74]","[0,7]",12,1756270494390,1756270494564,r,82, monthly, physical-keyboard,8,1,0,1,174.0,305.0,375.0,217.0
67acbb030811018b016dcaf7,prompt-to-image,1,2,1,Please create a photo realistic image of a dragon eating a flock of sheep.,"[0,74]","[0,7]",13,1756270494479,1756270494607,e,69, monthly, physical-keyboard,9,1,0,1,128.0,89.0,43.0,530.0
67acbb030811018b016dcaf7,prompt-to-image,1,2,1,Please create a photo realistic image of a dragon eating a flock of sheep.,"[0,74]","[0,7]",14,1756270494888,1756270495009,a,65, monthly, physical-keyboard,10,1,0,1,121.0,409.0,402.0,330.0
67acbb030811018b016dcaf7,prompt-to-image,1,2,1,Please create a photo realistic image of a dragon eating a flock of sheep.,"[0,74]","[0,7]",15,1756270495100,1756270495218,t,84, monthly, physical-keyboard,11,1,0,1,118.0,212.0,209.0,280.0
67acbb030811018b016dcaf7,prompt-to-image,1,2,1,Please create a photo realistic image of a dragon eating a flock of sheep.,"[0,74]","[0,7]",16,1756270495245,1756270495380,e,69, monthly, physical-keyboard,12,1,0,1,135.0,145.0,162.0,320.0
67acbb030811018b016dcaf7,prompt-to-image,1,2,1,Please create a photo realistic image of a dragon eating a flock of sheep.,"[0,74]","[0,7]",17,1756270495395,1756270495565, ,32, monthly, physical-keyboard,13,1,0,0,170.0,150.0,185.0,464.0
67acbb030811018b016dcaf7,prompt-to-image,1,2,1,Please create a photo realistic image of a dragon eating a flock of sheep.,"[0,74]","[0,7]",18,1756270495679,1756270495859,a,65, monthly, physical-keyboard,14,1,0,1,180.0,284.0,294.0,1130.0
67acbb030811018b016dcaf7,prompt-to-image,1,2,1,Please create a photo realistic image of a dragon eating a flock of sheep.,"[0,74]","[0,7]",19,1756270496629,1756270496809, ,32, monthly, physical-keyboard,15,1,0,0,180.0,950.0,950.0,784.0
67acbb030811018b016dcaf7,prompt-to-image,1,2,1,Please create a photo realistic image of a dragon eating a flock of sheep.,"[0,74]","[0,7]",20,1756270497273,1756270497413,p,80, monthly, physical-keyboard,16,1,0,1,140.0,644.0,604.0,255.0
67acbb030811018b016dcaf7,prompt-to-image,1,2,1,Please create a photo realistic image of a dragon eating a flock of sheep.,"[0,74]","[0,7]",21,1756270497432,1756270497528,h,72, monthly, physical-keyboard,17,1,0,1,96.0,159.0,115.0,229.0
67acbb030811018b016dcaf7,prompt-to-image,1,2,1,Please create a photo realistic image of a dragon eating a flock of sheep.,"[0,74]","[0,7]",22,1756270497539,1756270497661,o,79, monthly, physical-keyboard,18,1,0,1,122.0,107.0,133.0,207.0
67acbb030811018b016dcaf7,prompt-to-image,1,2,1,Please create a photo realistic image of a dragon eating a flock of sheep.,"[0,74]","[0,7]",23,1756270497640,1756270497746,t,84, monthly, physical-keyboard,19,1,0,1,106.0,101.0,85.0,266.0
67acbb030811018b016dcaf7,prompt-to-image,1,2,1,Please create a photo realistic image of a dragon eating a flock of sheep.,"[0,74]","[0,7]",24,1756270497777,1756270497906,o,79, monthly, physical-keyboard,20,1,0,1,129.0,137.0,160.0,565.0
67acbb030811018b016dcaf7,prompt-to-image,1,2,1,Please create a photo realistic image of a dragon eating a flock of sheep.,"[0,74]","[0,7]",25,1756270498219,1756270498342, ,32, monthly, physical-keyboard,21,1,0,0,123.0,442.0,436.0,229.0
67acbb030811018b016dcaf7,prompt-to-image,1,2,1,Please create a photo realistic image of a dragon eating a flock of sheep.,"[0,74]","[0,7]",26,1756270498275,1756270498448,r,82, monthly, physical-keyboard,22,1,0,1,173.0,56.0,106.0,221.0
67acbb030811018b016dcaf7,prompt-to-image,1,2,1,Please create a photo realistic image of a dragon eating a flock of sheep.,"[0,74]","[0,7]",27,1756270498364,1756270498496,e,69, monthly, physical-keyboard,23,1,0,1,132.0,89.0,48.0,838.0
67acbb030811018b016dcaf7,prompt-to-image,1,2,1,Please create a photo realistic image of a dragon eating a flock of sheep.,"[0,74]","[0,7]",28,1756270499036,1756270499202,a,65, monthly, physical-keyboard,24,1,0,1,166.0,672.0,706.0,255.0
67acbb030811018b016dcaf7,prompt-to-image,1,2,1,Please create a photo realistic image of a dragon eating a flock of sheep.,"[0,74]","[0,7]",29,1756270499171,1756270499291,s,83, monthly, physical-keyboard,25,1,0,1,120.0,135.0,89.0,770.0
67acbb030811018b016dcaf7,prompt-to-image,1,2,1,Please create a photo realistic image of a dragon eating a flock of sheep.,"[0,74]","[0,7]",30,1756270499844,1756270499941,Backspace,8, monthly, physical-keyboard,25,1,0,1,97.0,673.0,650.0,311.0
67acbb030811018b016dcaf7,prompt-to-image,1,2,1,Please create a photo realistic image of a dragon eating a flock of sheep.,"[0,74]","[0,7]",31,1756270500037,1756270500155,l,76, monthly, physical-keyboard,25,1,0,1,118.0,193.0,214.0,299.0
67acbb030811018b016dcaf7,prompt-to-image,1,2,1,Please create a photo realistic image of a dragon eating a flock of sheep.,"[0,74]","[0,7]",32,1756270500231,1756270500336,i,73, monthly, physical-keyboard,26,1,0,1,105.0,194.0,181.0,174.0
67acbb030811018b016dcaf7,prompt-to-image,1,2,1,Please create a photo realistic image of a dragon eating a flock of sheep.,"[0,74]","[0,7]",33,1756270500323,1756270500405,s,83, monthly, physical-keyboard,27,1,0,1,82.0,92.0,69.0,223.0
67acbb030811018b016dcaf7,prompt-to-image,1,2,1,Please create a photo realistic image of a dragon eating a flock of sheep.,"[0,74]","[0,7]",34,1756270500445,1756270500546,t,84, monthly, physical-keyboard,28,1,0,1,101.0,122.0,141.0,215.0
67acbb030811018b016dcaf7,prompt-to-image,1,2,1,Please create a photo realistic image of a dragon eating a flock of sheep.,"[0,74]","[0,7]",35,1756270500528,1756270500660,i,73, monthly, physical-keyboard,29,1,0,1,132.0,83.0,114.0,313.0
67acbb030811018b016dcaf7,prompt-to-image,1,2,1,Please create a photo realistic image of a dragon eating a flock of sheep.,"[0,74]","[0,7]",36,1756270500702,1756270500841,c,67, monthly, physical-keyboard,30,1,0,1,139.0,174.0,181.0,230.0
67acbb030811018b016dcaf7,prompt-to-image,1,2,1,Please create a photo realistic image of a dragon eating a flock of sheep.,"[0,74]","[0,7]",37,1756270500812,1756270500932, ,32, monthly, physical-keyboard,31,1,0,0,120.0,110.0,91.0,458.0
67acbb030811018b016dcaf7,prompt-to-image,1,2,1,Please create a photo realistic image of a dragon eating a flock of sheep.,"[0,74]","[0,7]",38,1756270501057,1756270501270,i,73, monthly, physical-keyboard,32,1,0,1,213.0,245.0,338.0,309.0
67acbb030811018b016dcaf7,prompt-to-image,1,2,1,Please create a photo realistic image of a dragon eating a flock of sheep.,"[0,74]","[0,7]",39,1756270501175,1756270501366,m,77, monthly, physical-keyboard,33,1,0,1,191.0,118.0,96.0,365.0
67acbb030811018b016dcaf7,prompt-to-image,1,2,1,Please create a photo realistic image of a dragon eating a flock of sheep.,"[0,74]","[0,7]",40,1756270501410,1756270501540,a,65, monthly, physical-keyboard,34,1,0,1,130.0,235.0,174.0,498.0
67acbb030811018b016dcaf7,prompt-to-image,1,2,1,Please create a photo realistic image of a dragon eating a flock of sheep.,"[0,74]","[0,7]",41,1756270501792,1756270501908,e,69, monthly, physical-keyboard,35,1,0,1,116.0,382.0,368.0,510.0
67acbb030811018b016dcaf7,prompt-to-image,1,2,1,Please create a photo realistic image of a dragon eating a flock of sheep.,"[0,74]","[0,7]",42,1756270502147,1756270502302,Backspace,8, monthly, physical-keyboard,35,1,0,1,155.0,355.0,394.0,196.0
67acbb030811018b016dcaf7,prompt-to-image,1,2,1,Please create a photo realistic image of a dragon eating a flock of sheep.,"[0,74]","[0,7]",43,1756270502247,1756270502343,g,71, monthly, physical-keyboard,35,1,0,1,96.0,100.0,41.0,234.0
67acbb030811018b016dcaf7,prompt-to-image,1,2,1,Please create a photo realistic image of a dragon eating a flock of sheep.,"[0,74]","[0,7]",44,1756270502277,1756270502481,e,69, monthly, physical-keyboard,36,1,0,1,204.0,30.0,138.0,320.0
67acbb030811018b016dcaf7,prompt-to-image,1,2,1,Please create a photo realistic image of a dragon eating a flock of sheep.,"[0,74]","[0,7]",45,1756270502496,1756270502597, ,32, monthly, physical-keyboard,37,1,0,0,101.0,219.0,116.0,344.0
67acbb030811018b016dcaf7,prompt-to-image,1,2,1,Please create a photo realistic image of a dragon eating a flock of sheep.,"[0,74]","[0,7]",46,1756270502737,1756270502840,o,79, monthly, physical-keyboard,38,1,0,1,103.0,241.0,243.0,208.0
67acbb030811018b016dcaf7,prompt-to-image,1,2,1,Please create a photo realistic image of a dragon eating a flock of sheep.,"[0,74]","[0,7]",47,1756270502829,1756270502945,f,70, monthly, physical-keyboard,39,1,0,1,116.0,92.0,105.0,241.0
67acbb030811018b016dcaf7,prompt-to-image,1,2,1,Please create a photo realistic image of a dragon eating a flock of sheep.,"[0,74]","[0,7]",48,1756270502981,1756270503070, ,32, monthly, physical-keyboard,40,1,0,0,89.0,152.0,125.0,269.0
67acbb030811018b016dcaf7,prompt-to-image,1,2,1,Please create a photo realistic image of a dragon eating a flock of sheep.,"[0,74]","[0,7]",49,1756270503103,1756270503250,a,65, monthly, physical-keyboard,41,1,0,1,147.0,122.0,180.0,227.0
67acbb030811018b016dcaf7,prompt-to-image,1,2,1,Please create a photo realistic image of a dragon eating a flock of sheep.,"[0,74]","[0,7]",50,1756270503246,1756270503330, ,32, monthly, physical-keyboard,42,1,0,0,84.0,143.0,80.0,551.0
67acbb030811018b016dcaf7,prompt-to-image,1,2,1,Please create a photo realistic image of a dragon eating a flock of sheep.,"[0,74]","[0,7]",51,1756270503721,1756270503797,d,68, monthly, physical-keyboard,43,1,0,1,76.0,475.0,467.0,245.0
67acbb030811018b016dcaf7,prompt-to-image,1,2,1,Please create a photo realistic image of a dragon eating a flock of sheep.,"[0,74]","[0,7]",52,1756270503863,1756270503966,r,82, monthly, physical-keyboard,44,1,0,1,103.0,142.0,169.0,273.0
67acbb030811018b016dcaf7,prompt-to-image,1,2,1,Please create a photo realistic image of a dragon eating a flock of sheep.,"[0,74]","[0,7]",53,1756270504007,1756270504136,a,65, monthly, physical-keyboard,45,1,0,1,129.0,144.0,170.0,324.0
67acbb030811018b016dcaf7,prompt-to-image,1,2,1,Please create a photo realistic image of a dragon eating a flock of sheep.,"[0,74]","[0,7]",54,1756270504238,1756270504331,g,71, monthly, physical-keyboard,46,1,0,1,93.0,231.0,195.0,276.0
67acbb030811018b016dcaf7,prompt-to-image,1,2,1,Please create a photo realistic image of a dragon eating a flock of sheep.,"[0,74]","[0,7]",55,1756270504309,1756270504514,o,79, monthly, physical-keyboard,47,1,0,1,205.0,71.0,183.0,205.0
67acbb030811018b016dcaf7,prompt-to-image,1,2,1,Please create a photo realistic image of a dragon eating a flock of sheep.,"[0,74]","[0,7]",56,1756270504396,1756270504514,n,78, monthly, physical-keyboard,48,1,0,1,118.0,87.0,0.0,343.0
67acbb030811018b016dcaf7,prompt-to-image,1,2,1,Please create a photo realistic image of a dragon eating a flock of sheep.,"[0,74]","[0,7]",57,1756270504627,1756270504739, ,32, monthly, physical-keyboard,49,1,0,0,112.0,231.0,225.0,460.0
67acbb030811018b016dcaf7,prompt-to-image,1,2,1,Please create a photo realistic image of a dragon eating a flock of sheep.,"[0,74]","[0,7]",58,1756270504982,1756270505087,e,69, monthly, physical-keyboard,50,1,0,1,105.0,355.0,348.0,261.0
67acbb030811018b016dcaf7,prompt-to-image,1,2,1,Please create a photo realistic image of a dragon eating a flock of sheep.,"[0,74]","[0,7]",59,1756270505141,1756270505243,a,65, monthly, physical-keyboard,51,1,0,1,102.0,159.0,156.0,297.0
67acbb030811018b016dcaf7,prompt-to-image,1,2,1,Please create a photo realistic image of a dragon eating a flock of sheep.,"[0,74]","[0,7]",60,1756270505328,1756270505438,t,84, monthly, physical-keyboard,52,1,0,1,110.0,187.0,195.0,234.0
67acbb030811018b016dcaf7,prompt-to-image,1,2,1,Please create a photo realistic image of a dragon eating a flock of sheep.,"[0,74]","[0,7]",61,1756270505383,1756270505562,i,73, monthly, physical-keyboard,53,1,0,1,179.0,55.0,124.0,209.0
67acbb030811018b016dcaf7,prompt-to-image,1,2,1,Please create a photo realistic image of a dragon eating a flock of sheep.,"[0,74]","[0,7]",62,1756270505458,1756270505592,n,78, monthly, physical-keyboard,54,1,0,1,134.0,75.0,30.0,238.0
67acbb030811018b016dcaf7,prompt-to-image,1,2,1,Please create a photo realistic image of a dragon eating a flock of sheep.,"[0,74]","[0,7]",63,1756270505578,1756270505696,g,71, monthly, physical-keyboard,55,1,0,1,118.0,120.0,104.0,239.0
67acbb030811018b016dcaf7,prompt-to-image,1,2,1,Please create a photo realistic image of a dragon eating a flock of sheep.,"[0,74]","[0,7]",64,1756270505723,1756270505817, ,32, monthly, physical-keyboard,56,1,0,0,94.0,145.0,121.0,421.0
67acbb030811018b016dcaf7,prompt-to-image,1,2,1,Please create a photo realistic image of a dragon eating a flock of sheep.,"[0,74]","[0,7]",65,1756270506048,1756270506144,a,65, monthly, physical-keyboard,57,1,0,1,96.0,325.0,327.0,244.0
67acbb030811018b016dcaf7,prompt-to-image,1,2,1,Please create a photo realistic image of a dragon eating a flock of sheep.,"[0,74]","[0,7]",66,1756270506142,1756270506292, ,32, monthly, physical-keyboard,58,1,0,0,150.0,94.0,148.0,644.0
67acbb030811018b016dcaf7,prompt-to-image,1,2,1,Please create a photo realistic image of a dragon eating a flock of sheep.,"[0,74]","[0,7]",67,1756270506672,1756270506786,f,70, monthly, physical-keyboard,59,1,0,1,114.0,530.0,494.0,189.0
67acbb030811018b016dcaf7,prompt-to-image,1,2,1,Please create a photo realistic image of a dragon eating a flock of sheep.,"[0,74]","[0,7]",68,1756270506753,1756270506861,l,76, monthly, physical-keyboard,60,1,0,1,108.0,81.0,75.0,268.0
67acbb030811018b016dcaf7,prompt-to-image,1,2,1,Please create a photo realistic image of a dragon eating a flock of sheep.,"[0,74]","[0,7]",69,1756270506913,1756270507021,o,79, monthly, physical-keyboard,61,1,0,1,108.0,160.0,160.0,209.0
67acbb030811018b016dcaf7,prompt-to-image,1,2,1,Please create a photo realistic image of a dragon eating a flock of sheep.,"[0,74]","[0,7]",70,1756270507020,1756270507122,c,67, monthly, physical-keyboard,62,1,0,1,102.0,107.0,101.0,176.0
67acbb030811018b016dcaf7,prompt-to-image,1,2,1,Please create a photo realistic image of a dragon eating a flock of sheep.,"[0,74]","[0,7]",71,1756270507097,1756270507196,k,75, monthly, physical-keyboard,63,1,0,1,99.0,77.0,74.0,257.0
67acbb030811018b016dcaf7,prompt-to-image,1,2,1,Please create a photo realistic image of a dragon eating a flock of sheep.,"[0,74]","[0,7]",72,1756270507230,1756270507354, ,32, monthly, physical-keyboard,64,1,0,0,124.0,133.0,158.0,342.0
67acbb030811018b016dcaf7,prompt-to-image,1,2,1,Please create a photo realistic image of a dragon eating a flock of sheep.,"[0,74]","[0,7]",73,1756270507452,1756270507572,o,79, monthly, physical-keyboard,65,1,0,1,120.0,222.0,218.0,235.0
67acbb030811018b016dcaf7,prompt-to-image,1,2,1,Please create a photo realistic image of a dragon eating a flock of sheep.,"[0,74]","[0,7]",74,1756270507556,1756270507687,f,70, monthly, physical-keyboard,66,1,0,1,131.0,104.0,115.0,210.0
67acbb030811018b016dcaf7,prompt-to-image,1,2,1,Please create a photo realistic image of a dragon eating a flock of sheep.,"[0,74]","[0,7]",75,1756270507662,1756270507766, ,32, monthly, physical-keyboard,67,1,0,0,104.0,106.0,79.0,1847.0
67acbb030811018b016dcaf7,prompt-to-image,1,2,1,Please create a photo realistic image of a dragon eating a flock of sheep.,"[0,74]","[0,7]",76,1756270509403,1756270509509,s,83, monthly, physical-keyboard,68,1,0,1,106.0,1741.0,1743.0,217.0
67acbb030811018b016dcaf7,prompt-to-image,1,2,1,Please create a photo realistic image of a dragon eating a flock of sheep.,"[0,74]","[0,7]",77,1756270509472,1756270509620,h,72, monthly, physical-keyboard,69,1,0,1,148.0,69.0,111.0,306.0
67acbb030811018b016dcaf7,prompt-to-image,1,2,1,Please create a photo realistic image of a dragon eating a flock of sheep.,"[0,74]","[0,7]",78,1756270509697,1756270509778,e,69, monthly, physical-keyboard,70,1,0,1,81.0,225.0,158.0,277.0
67acbb030811018b016dcaf7,prompt-to-image,1,2,1,Please create a photo realistic image of a dragon eating a flock of sheep.,"[0,74]","[0,7]",79,1756270509845,1756270509974,e,69, monthly, physical-keyboard,71,1,0,1,129.0,148.0,196.0,409.0
67acbb030811018b016dcaf7,prompt-to-image,1,2,1,Please create a photo realistic image of a dragon eating a flock of sheep.,"[0,74]","[0,7]",80,1756270510098,1756270510254,p,80, monthly, physical-keyboard,72,1,0,1,156.0,253.0,280.0,437.0
67acbb030811018b016dcaf7,prompt-to-image,1,2,1,Please create a photo realistic image of a dragon eating a flock of sheep.,"[0,74]","[0,7]",81,1756270510422,1756270510535,.,190, monthly, physical-keyboard,73,1,0,1,113.0,324.0,281.0,
