PARTICIPANT_ID,EXPERIMENTTYPE,EXPERIMENTATTEMPT,TOTALATTEMPTCOUNT,LATINSQUARETYPE,PROMPT,CONFIDENT,UNCONFIDENT,KEYSTROKE_ID,PRESS_TIME,RELEASE_TIME,LETTER,KEYCODE,FREQUENCY,INPUTMETHOD,PROMPT_CHAR,CONFIDENT_MARKED_CHAR,UNCONFIDENT_MARKED_CHAR,WORD,D1U1,D1D2,U1U2,D1U2
664fa86722f5339adebd32ec,prompt-to-text,0,0,3,what are the benefits of omega 3 medication for women,"[0,53]","[47,53]",0,1756306407953,1756306408056,w,87, monthly, physical-keyboard,0,1,0,1,103.0,,,287.0
664fa86722f5339adebd32ec,prompt-to-text,0,0,3,what are the benefits of omega 3 medication for women,"[0,53]","[47,53]",1,1756306408140,1756306408240,h,72, monthly, physical-keyboard,1,1,0,1,100.0,187.0,184.0,289.0
664fa86722f5339adebd32ec,prompt-to-text,0,0,3,what are the benefits of omega 3 medication for women,"[0,53]","[47,53]",2,1756306408297,1756306408429,a,65, monthly, physical-keyboard,2,1,0,1,132.0,157.0,189.0,363.0
664fa86722f5339adebd32ec,prompt-to-text,0,0,3,what are the benefits of omega 3 medication for women,"[0,53]","[47,53]",3,1756306408580,1756306408660,t,84, monthly, physical-keyboard,3,1,0,1,80.0,283.0,231.0,393.0
664fa86722f5339adebd32ec,prompt-to-text,0,0,3,what are the benefits of omega 3 medication for women,"[0,53]","[47,53]",4,1756306408887,1756306408973, ,32, monthly, physical-keyboard,4,1,0,0,86.0,307.0,313.0,1510.0
664fa86722f5339adebd32ec,prompt-to-text,0,0,3,what are the benefits of omega 3 medication for women,"[0,53]","[47,53]",5,1756306410250,1756306410397,a,65, monthly, physical-keyboard,5,1,0,1,147.0,1363.0,1424.0,305.0
664fa86722f5339adebd32ec,prompt-to-text,0,0,3,what are the benefits of omega 3 medication for women,"[0,53]","[47,53]",6,1756306410463,1756306410555,r,82, monthly, physical-keyboard,6,1,0,1,92.0,213.0,158.0,363.0
664fa86722f5339adebd32ec,prompt-to-text,0,0,3,what are the benefits of omega 3 medication for women,"[0,53]","[47,53]",7,1756306410710,1756306410826,e,69, monthly, physical-keyboard,7,1,0,1,116.0,247.0,271.0,342.0
664fa86722f5339adebd32ec,prompt-to-text,0,0,3,what are the benefits of omega 3 medication for women,"[0,53]","[47,53]",8,1756306410967,1756306411052, ,32, monthly, physical-keyboard,8,1,0,0,85.0,257.0,226.0,696.0
664fa86722f5339adebd32ec,prompt-to-text,0,0,3,what are the benefits of omega 3 medication for women,"[0,53]","[47,53]",9,1756306411595,1756306411663,t,84, monthly, physical-keyboard,9,1,0,1,68.0,628.0,611.0,310.0
664fa86722f5339adebd32ec,prompt-to-text,0,0,3,what are the benefits of omega 3 medication for women,"[0,53]","[47,53]",10,1756306411814,1756306411905,h,72, monthly, physical-keyboard,10,1,0,1,91.0,219.0,242.0,325.0
664fa86722f5339adebd32ec,prompt-to-text,0,0,3,what are the benefits of omega 3 medication for women,"[0,53]","[47,53]",11,1756306412024,1756306412139,e,69, monthly, physical-keyboard,11,1,0,1,115.0,210.0,234.0,262.0
664fa86722f5339adebd32ec,prompt-to-text,0,0,3,what are the benefits of omega 3 medication for women,"[0,53]","[47,53]",12,1756306412206,1756306412286, ,32, monthly, physical-keyboard,12,1,0,0,80.0,182.0,147.0,1725.0
664fa86722f5339adebd32ec,prompt-to-text,0,0,3,what are the benefits of omega 3 medication for women,"[0,53]","[47,53]",13,1756306413840,1756306413931,b,66, monthly, physical-keyboard,13,1,0,1,91.0,1634.0,1645.0,365.0
664fa86722f5339adebd32ec,prompt-to-text,0,0,3,what are the benefits of omega 3 medication for women,"[0,53]","[47,53]",14,1756306414082,1756306414205,e,69, monthly, physical-keyboard,14,1,0,1,123.0,242.0,274.0,316.0
664fa86722f5339adebd32ec,prompt-to-text,0,0,3,what are the benefits of omega 3 medication for women,"[0,53]","[47,53]",15,1756306414298,1756306414398,n,78, monthly, physical-keyboard,15,1,0,1,100.0,216.0,193.0,514.0
664fa86722f5339adebd32ec,prompt-to-text,0,0,3,what are the benefits of omega 3 medication for women,"[0,53]","[47,53]",16,1756306414641,1756306414812,e,69, monthly, physical-keyboard,16,1,0,1,171.0,343.0,414.0,1165.0
664fa86722f5339adebd32ec,prompt-to-text,0,0,3,what are the benefits of omega 3 medication for women,"[0,53]","[47,53]",17,1756306415707,1756306415806,f,70, monthly, physical-keyboard,17,1,0,1,99.0,1066.0,994.0,441.0
664fa86722f5339adebd32ec,prompt-to-text,0,0,3,what are the benefits of omega 3 medication for women,"[0,53]","[47,53]",18,1756306416047,1756306416148,i,73, monthly, physical-keyboard,18,1,0,1,101.0,340.0,342.0,400.0
664fa86722f5339adebd32ec,prompt-to-text,0,0,3,what are the benefits of omega 3 medication for women,"[0,53]","[47,53]",19,1756306416361,1756306416447,t,84, monthly, physical-keyboard,19,1,0,1,86.0,314.0,299.0,1483.0
664fa86722f5339adebd32ec,prompt-to-text,0,0,3,what are the benefits of omega 3 medication for women,"[0,53]","[47,53]",20,1756306417749,1756306417844,s,83, monthly, physical-keyboard,20,1,0,1,95.0,1388.0,1397.0,262.0
664fa86722f5339adebd32ec,prompt-to-text,0,0,3,what are the benefits of omega 3 medication for women,"[0,53]","[47,53]",21,1756306417923,1756306418011, ,32, monthly, physical-keyboard,21,1,0,0,88.0,174.0,167.0,781.0
664fa86722f5339adebd32ec,prompt-to-text,0,0,3,what are the benefits of omega 3 medication for women,"[0,53]","[47,53]",22,1756306418593,1756306418704,o,79, monthly, physical-keyboard,22,1,0,1,111.0,670.0,693.0,475.0
664fa86722f5339adebd32ec,prompt-to-text,0,0,3,what are the benefits of omega 3 medication for women,"[0,53]","[47,53]",23,1756306418989,1756306419068,f,70, monthly, physical-keyboard,23,1,0,1,79.0,396.0,364.0,348.0
664fa86722f5339adebd32ec,prompt-to-text,0,0,3,what are the benefits of omega 3 medication for women,"[0,53]","[47,53]",24,1756306419258,1756306419337, ,32, monthly, physical-keyboard,24,1,0,0,79.0,269.0,269.0,5911.0
664fa86722f5339adebd32ec,prompt-to-text,0,0,3,what are the benefits of omega 3 medication for women,"[0,53]","[47,53]",25,1756306425091,1756306425169,o,79, monthly, physical-keyboard,25,1,0,1,78.0,5833.0,5832.0,1054.0
664fa86722f5339adebd32ec,prompt-to-text,0,0,3,what are the benefits of omega 3 medication for women,"[0,53]","[47,53]",26,1756306426061,1756306426145,m,77, monthly, physical-keyboard,26,1,0,1,84.0,970.0,976.0,412.0
664fa86722f5339adebd32ec,prompt-to-text,0,0,3,what are the benefits of omega 3 medication for women,"[0,53]","[47,53]",27,1756306426347,1756306426473,e,69, monthly, physical-keyboard,27,1,0,1,126.0,286.0,328.0,3018.0
664fa86722f5339adebd32ec,prompt-to-text,0,0,3,what are the benefits of omega 3 medication for women,"[0,53]","[47,53]",28,1756306429274,1756306429365,g,71, monthly, physical-keyboard,28,1,0,1,91.0,2927.0,2892.0,414.0
664fa86722f5339adebd32ec,prompt-to-text,0,0,3,what are the benefits of omega 3 medication for women,"[0,53]","[47,53]",29,1756306429604,1756306429688,a,65, monthly, physical-keyboard,29,1,0,1,84.0,330.0,323.0,2032.0
664fa86722f5339adebd32ec,prompt-to-text,0,0,3,what are the benefits of omega 3 medication for women,"[0,53]","[47,53]",30,1756306431532,1756306431636, ,32, monthly, physical-keyboard,30,1,0,0,104.0,1928.0,1948.0,3221.0
664fa86722f5339adebd32ec,prompt-to-text,0,0,3,what are the benefits of omega 3 medication for women,"[0,53]","[47,53]",31,1756306434634,1756306434753,3,51, monthly, physical-keyboard,31,1,0,1,119.0,3102.0,3117.0,300.0
664fa86722f5339adebd32ec,prompt-to-text,0,0,3,what are the benefits of omega 3 medication for women,"[0,53]","[47,53]",32,1756306434851,1756306434934, ,32, monthly, physical-keyboard,32,1,0,0,83.0,217.0,181.0,634.0
664fa86722f5339adebd32ec,prompt-to-text,0,0,3,what are the benefits of omega 3 medication for women,"[0,53]","[47,53]",33,1756306435378,1756306435485,m,77, monthly, physical-keyboard,33,1,0,1,107.0,527.0,551.0,777.0
664fa86722f5339adebd32ec,prompt-to-text,0,0,3,what are the benefits of omega 3 medication for women,"[0,53]","[47,53]",34,1756306436058,1756306436155,e,69, monthly, physical-keyboard,34,1,0,1,97.0,680.0,670.0,391.0
664fa86722f5339adebd32ec,prompt-to-text,0,0,3,what are the benefits of omega 3 medication for women,"[0,53]","[47,53]",35,1756306436330,1756306436449,d,68, monthly, physical-keyboard,35,1,0,1,119.0,272.0,294.0,483.0
664fa86722f5339adebd32ec,prompt-to-text,0,0,3,what are the benefits of omega 3 medication for women,"[0,53]","[47,53]",36,1756306436714,1756306436813,i,73, monthly, physical-keyboard,36,1,0,1,99.0,384.0,364.0,413.0
664fa86722f5339adebd32ec,prompt-to-text,0,0,3,what are the benefits of omega 3 medication for women,"[0,53]","[47,53]",37,1756306437040,1756306437127,c,67, monthly, physical-keyboard,37,1,0,1,87.0,326.0,314.0,4464.0
664fa86722f5339adebd32ec,prompt-to-text,0,0,3,what are the benefits of omega 3 medication for women,"[0,53]","[47,53]",38,1756306441395,1756306441504,a,65, monthly, physical-keyboard,38,1,0,1,109.0,4355.0,4377.0,761.0
664fa86722f5339adebd32ec,prompt-to-text,0,0,3,what are the benefits of omega 3 medication for women,"[0,53]","[47,53]",39,1756306442071,1756306442156,t,84, monthly, physical-keyboard,39,1,0,1,85.0,676.0,652.0,982.0
664fa86722f5339adebd32ec,prompt-to-text,0,0,3,what are the benefits of omega 3 medication for women,"[0,53]","[47,53]",40,1756306442967,1756306443053,i,73, monthly, physical-keyboard,40,1,0,1,86.0,896.0,897.0,309.0
664fa86722f5339adebd32ec,prompt-to-text,0,0,3,what are the benefits of omega 3 medication for women,"[0,53]","[47,53]",41,1756306443185,1756306443276,o,79, monthly, physical-keyboard,41,1,0,1,91.0,218.0,223.0,418.0
664fa86722f5339adebd32ec,prompt-to-text,0,0,3,what are the benefits of omega 3 medication for women,"[0,53]","[47,53]",42,1756306443532,1756306443603,n,78, monthly, physical-keyboard,42,1,0,1,71.0,347.0,327.0,324.0
664fa86722f5339adebd32ec,prompt-to-text,0,0,3,what are the benefits of omega 3 medication for women,"[0,53]","[47,53]",43,1756306443777,1756306443856, ,32, monthly, physical-keyboard,43,1,0,0,79.0,245.0,253.0,1182.0
664fa86722f5339adebd32ec,prompt-to-text,0,0,3,what are the benefits of omega 3 medication for women,"[0,53]","[47,53]",44,1756306444876,1756306444959,f,70, monthly, physical-keyboard,44,1,0,1,83.0,1099.0,1103.0,1002.0
664fa86722f5339adebd32ec,prompt-to-text,0,0,3,what are the benefits of omega 3 medication for women,"[0,53]","[47,53]",45,1756306445763,1756306445878,o,79, monthly, physical-keyboard,45,1,0,1,115.0,887.0,919.0,389.0
664fa86722f5339adebd32ec,prompt-to-text,0,0,3,what are the benefits of omega 3 medication for women,"[0,53]","[47,53]",46,1756306445993,1756306446152,r,82, monthly, physical-keyboard,46,1,0,1,159.0,230.0,274.0,349.0
664fa86722f5339adebd32ec,prompt-to-text,0,0,3,what are the benefits of omega 3 medication for women,"[0,53]","[47,53]",47,1756306446259,1756306446342, ,32, monthly, physical-keyboard,47,1,1,0,83.0,266.0,190.0,4357.0
664fa86722f5339adebd32ec,prompt-to-text,0,0,3,what are the benefits of omega 3 medication for women,"[0,53]","[47,53]",48,1756306450454,1756306450616,w,87, monthly, physical-keyboard,48,1,1,1,162.0,4195.0,4274.0,381.0
664fa86722f5339adebd32ec,prompt-to-text,0,0,3,what are the benefits of omega 3 medication for women,"[0,53]","[47,53]",49,1756306450749,1756306450835,o,79, monthly, physical-keyboard,49,1,1,1,86.0,295.0,219.0,379.0
664fa86722f5339adebd32ec,prompt-to-text,0,0,3,what are the benefits of omega 3 medication for women,"[0,53]","[47,53]",50,1756306451050,1756306451128,m,77, monthly, physical-keyboard,50,1,1,1,78.0,301.0,293.0,428.0
664fa86722f5339adebd32ec,prompt-to-text,0,0,3,what are the benefits of omega 3 medication for women,"[0,53]","[47,53]",51,1756306451335,1756306451478,e,69, monthly, physical-keyboard,51,1,1,1,143.0,285.0,350.0,369.0
664fa86722f5339adebd32ec,prompt-to-text,0,0,3,what are the benefits of omega 3 medication for women,"[0,53]","[47,53]",52,1756306451601,1756306451704,n,78, monthly, physical-keyboard,52,1,1,1,103.0,266.0,226.0,7713.0
664fa86722f5339adebd32ec,prompt-to-text,0,0,3,what are the benefits of omega 3 medication for women,"[0,53]","[47,53]",53,1756306459174,1756306459314,Backspace,8, monthly, physical-keyboard,52,1,1,1,140.0,7573.0,7610.0,1199.0
664fa86722f5339adebd32ec,prompt-to-text,0,0,3,what are the benefits of omega 3 medication for women,"[0,53]","[47,53]",54,1756306460259,1756306460373, ,32, monthly, physical-keyboard,52,1,1,1,114.0,1085.0,1059.0,
