PARTICIPANT_ID,EXPERIMENTTYPE,EXPERIMENTATTEMPT,TOTALATTEMPTCOUNT,LATINSQUARETYPE,PROMPT,CONFIDENT,UNCONFIDENT,KEYSTROKE_ID,PRESS_TIME,RELEASE_TIME,LETTER,KEYCODE,FREQUENCY,INPUTMETHOD,PROMPT_CHAR,CONFIDENT_MARKED_CHAR,UNCONFIDENT_MARKED_CHAR,WORD,D1U1,D1D2,U1U2,D1U2
5fff2877a99bcb65a14a223c,image-to-prompt,0,1,3,create an image of man and woman working side by side at the office,"[10,15]","[33,40]",0,1756292137176,1756292137259,CapsLock,20, weekly, physical-keyboard,-1,0,0,0,83.0,,,380.0
5fff2877a99bcb65a14a223c,image-to-prompt,0,1,3,create an image of man and woman working side by side at the office,"[10,15]","[33,40]",1,1756292137474,1756292137556,c,67, weekly, physical-keyboard,0,0,0,1,82.0,298.0,297.0,345.0
5fff2877a99bcb65a14a223c,image-to-prompt,0,1,3,create an image of man and woman working side by side at the office,"[10,15]","[33,40]",2,1756292137738,1756292137819,r,82, weekly, physical-keyboard,1,0,0,1,81.0,264.0,263.0,260.0
5fff2877a99bcb65a14a223c,image-to-prompt,0,1,3,create an image of man and woman working side by side at the office,"[10,15]","[33,40]",3,1756292137912,1756292137998,e,69, weekly, physical-keyboard,2,0,0,1,86.0,174.0,179.0,360.0
5fff2877a99bcb65a14a223c,image-to-prompt,0,1,3,create an image of man and woman working side by side at the office,"[10,15]","[33,40]",4,1756292138180,1756292138272,a,65, weekly, physical-keyboard,3,0,0,1,92.0,268.0,274.0,439.0
5fff2877a99bcb65a14a223c,image-to-prompt,0,1,3,create an image of man and woman working side by side at the office,"[10,15]","[33,40]",5,1756292138536,1756292138619,t,84, weekly, physical-keyboard,4,0,0,1,83.0,356.0,347.0,327.0
5fff2877a99bcb65a14a223c,image-to-prompt,0,1,3,create an image of man and woman working side by side at the office,"[10,15]","[33,40]",6,1756292138786,1756292138863,e,69, weekly, physical-keyboard,5,0,0,1,77.0,250.0,244.0,337.0
5fff2877a99bcb65a14a223c,image-to-prompt,0,1,3,create an image of man and woman working side by side at the office,"[10,15]","[33,40]",7,1756292139044,1756292139123, ,32, weekly, physical-keyboard,6,0,0,0,79.0,258.0,260.0,564.0
5fff2877a99bcb65a14a223c,image-to-prompt,0,1,3,create an image of man and woman working side by side at the office,"[10,15]","[33,40]",8,1756292139518,1756292139608,a,65, weekly, physical-keyboard,7,0,0,1,90.0,474.0,485.0,443.0
5fff2877a99bcb65a14a223c,image-to-prompt,0,1,3,create an image of man and woman working side by side at the office,"[10,15]","[33,40]",9,1756292139886,1756292139961,n,78, weekly, physical-keyboard,8,0,0,1,75.0,368.0,353.0,289.0
5fff2877a99bcb65a14a223c,image-to-prompt,0,1,3,create an image of man and woman working side by side at the office,"[10,15]","[33,40]",10,1756292140092,1756292140175, ,32, weekly, physical-keyboard,9,0,0,0,83.0,206.0,214.0,1110.0
5fff2877a99bcb65a14a223c,image-to-prompt,0,1,3,create an image of man and woman working side by side at the office,"[10,15]","[33,40]",11,1756292141119,1756292141202,i,73, weekly, physical-keyboard,10,1,0,1,83.0,1027.0,1027.0,308.0
5fff2877a99bcb65a14a223c,image-to-prompt,0,1,3,create an image of man and woman working side by side at the office,"[10,15]","[33,40]",12,1756292141340,1756292141427,m,77, weekly, physical-keyboard,11,1,0,1,87.0,221.0,225.0,627.0
5fff2877a99bcb65a14a223c,image-to-prompt,0,1,3,create an image of man and woman working side by side at the office,"[10,15]","[33,40]",13,1756292141886,1756292141967,a,65, weekly, physical-keyboard,12,1,0,1,81.0,546.0,540.0,366.0
5fff2877a99bcb65a14a223c,image-to-prompt,0,1,3,create an image of man and woman working side by side at the office,"[10,15]","[33,40]",14,1756292142176,1756292142252,g,71, weekly, physical-keyboard,13,1,0,1,76.0,290.0,285.0,289.0
5fff2877a99bcb65a14a223c,image-to-prompt,0,1,3,create an image of man and woman working side by side at the office,"[10,15]","[33,40]",15,1756292142388,1756292142465,e,69, weekly, physical-keyboard,14,1,0,1,77.0,212.0,213.0,325.0
5fff2877a99bcb65a14a223c,image-to-prompt,0,1,3,create an image of man and woman working side by side at the office,"[10,15]","[33,40]",16,1756292142631,1756292142713, ,32, weekly, physical-keyboard,15,1,0,0,82.0,243.0,248.0,528.0
5fff2877a99bcb65a14a223c,image-to-prompt,0,1,3,create an image of man and woman working side by side at the office,"[10,15]","[33,40]",17,1756292143083,1756292143159,o,79, weekly, physical-keyboard,16,0,0,1,76.0,452.0,446.0,896.0
5fff2877a99bcb65a14a223c,image-to-prompt,0,1,3,create an image of man and woman working side by side at the office,"[10,15]","[33,40]",18,1756292143894,1756292143979,f,70, weekly, physical-keyboard,17,0,0,1,85.0,811.0,820.0,308.0
5fff2877a99bcb65a14a223c,image-to-prompt,0,1,3,create an image of man and woman working side by side at the office,"[10,15]","[33,40]",19,1756292144123,1756292144202, ,32, weekly, physical-keyboard,18,0,0,0,79.0,229.0,223.0,344.0
5fff2877a99bcb65a14a223c,image-to-prompt,0,1,3,create an image of man and woman working side by side at the office,"[10,15]","[33,40]",20,1756292144381,1756292144467,m,77, weekly, physical-keyboard,19,0,0,1,86.0,258.0,265.0,706.0
5fff2877a99bcb65a14a223c,image-to-prompt,0,1,3,create an image of man and woman working side by side at the office,"[10,15]","[33,40]",21,1756292144997,1756292145087,a,65, weekly, physical-keyboard,20,0,0,1,90.0,616.0,620.0,488.0
5fff2877a99bcb65a14a223c,image-to-prompt,0,1,3,create an image of man and woman working side by side at the office,"[10,15]","[33,40]",22,1756292145409,1756292145485,n,78, weekly, physical-keyboard,21,0,0,1,76.0,412.0,398.0,299.0
5fff2877a99bcb65a14a223c,image-to-prompt,0,1,3,create an image of man and woman working side by side at the office,"[10,15]","[33,40]",23,1756292145622,1756292145708, ,32, weekly, physical-keyboard,22,0,0,0,86.0,213.0,223.0,583.0
5fff2877a99bcb65a14a223c,image-to-prompt,0,1,3,create an image of man and woman working side by side at the office,"[10,15]","[33,40]",24,1756292146127,1756292146205,a,65, weekly, physical-keyboard,23,0,0,1,78.0,505.0,497.0,734.0
5fff2877a99bcb65a14a223c,image-to-prompt,0,1,3,create an image of man and woman working side by side at the office,"[10,15]","[33,40]",25,1756292146795,1756292146861,n,78, weekly, physical-keyboard,24,0,0,1,66.0,668.0,656.0,772.0
5fff2877a99bcb65a14a223c,image-to-prompt,0,1,3,create an image of man and woman working side by side at the office,"[10,15]","[33,40]",26,1756292147486,1756292147567,d,68, weekly, physical-keyboard,25,0,0,1,81.0,691.0,706.0,303.0
5fff2877a99bcb65a14a223c,image-to-prompt,0,1,3,create an image of man and woman working side by side at the office,"[10,15]","[33,40]",27,1756292147709,1756292147789, ,32, weekly, physical-keyboard,26,0,0,0,80.0,223.0,222.0,368.0
5fff2877a99bcb65a14a223c,image-to-prompt,0,1,3,create an image of man and woman working side by side at the office,"[10,15]","[33,40]",28,1756292148001,1756292148077,w,87, weekly, physical-keyboard,27,0,0,1,76.0,292.0,288.0,479.0
5fff2877a99bcb65a14a223c,image-to-prompt,0,1,3,create an image of man and woman working side by side at the office,"[10,15]","[33,40]",29,1756292148414,1756292148480,o,79, weekly, physical-keyboard,28,0,0,1,66.0,413.0,403.0,315.0
5fff2877a99bcb65a14a223c,image-to-prompt,0,1,3,create an image of man and woman working side by side at the office,"[10,15]","[33,40]",30,1756292148663,1756292148729,m,77, weekly, physical-keyboard,29,0,0,1,66.0,249.0,249.0,612.0
5fff2877a99bcb65a14a223c,image-to-prompt,0,1,3,create an image of man and woman working side by side at the office,"[10,15]","[33,40]",31,1756292149193,1756292149275,a,65, weekly, physical-keyboard,30,0,0,1,82.0,530.0,546.0,430.0
5fff2877a99bcb65a14a223c,image-to-prompt,0,1,3,create an image of man and woman working side by side at the office,"[10,15]","[33,40]",32,1756292149537,1756292149623,n,78, weekly, physical-keyboard,31,0,0,1,86.0,344.0,348.0,300.0
5fff2877a99bcb65a14a223c,image-to-prompt,0,1,3,create an image of man and woman working side by side at the office,"[10,15]","[33,40]",33,1756292149756,1756292149837, ,32, weekly, physical-keyboard,32,0,0,0,81.0,219.0,214.0,861.0
5fff2877a99bcb65a14a223c,image-to-prompt,0,1,3,create an image of man and woman working side by side at the office,"[10,15]","[33,40]",34,1756292150535,1756292150617,w,87, weekly, physical-keyboard,33,0,1,1,82.0,779.0,780.0,503.0
5fff2877a99bcb65a14a223c,image-to-prompt,0,1,3,create an image of man and woman working side by side at the office,"[10,15]","[33,40]",35,1756292150958,1756292151038,o,79, weekly, physical-keyboard,34,0,1,1,80.0,423.0,421.0,454.0
5fff2877a99bcb65a14a223c,image-to-prompt,0,1,3,create an image of man and woman working side by side at the office,"[10,15]","[33,40]",36,1756292151335,1756292151412,r,82, weekly, physical-keyboard,35,0,1,1,77.0,377.0,374.0,355.0
5fff2877a99bcb65a14a223c,image-to-prompt,0,1,3,create an image of man and woman working side by side at the office,"[10,15]","[33,40]",37,1756292151622,1756292151690,k,75, weekly, physical-keyboard,36,0,1,1,68.0,287.0,278.0,251.0
5fff2877a99bcb65a14a223c,image-to-prompt,0,1,3,create an image of man and woman working side by side at the office,"[10,15]","[33,40]",38,1756292151792,1756292151873,i,73, weekly, physical-keyboard,37,0,1,1,81.0,170.0,183.0,315.0
5fff2877a99bcb65a14a223c,image-to-prompt,0,1,3,create an image of man and woman working side by side at the office,"[10,15]","[33,40]",39,1756292152026,1756292152107,n,78, weekly, physical-keyboard,38,0,1,1,81.0,234.0,234.0,314.0
5fff2877a99bcb65a14a223c,image-to-prompt,0,1,3,create an image of man and woman working side by side at the office,"[10,15]","[33,40]",40,1756292152273,1756292152340,g,71, weekly, physical-keyboard,39,0,1,1,67.0,247.0,233.0,291.0
5fff2877a99bcb65a14a223c,image-to-prompt,0,1,3,create an image of man and woman working side by side at the office,"[10,15]","[33,40]",41,1756292152498,1756292152564, ,32, weekly, physical-keyboard,40,0,1,0,66.0,225.0,224.0,473.0
5fff2877a99bcb65a14a223c,image-to-prompt,0,1,3,create an image of man and woman working side by side at the office,"[10,15]","[33,40]",42,1756292152890,1756292152971,s,83, weekly, physical-keyboard,41,0,0,1,81.0,392.0,407.0,438.0
5fff2877a99bcb65a14a223c,image-to-prompt,0,1,3,create an image of man and woman working side by side at the office,"[10,15]","[33,40]",43,1756292153248,1756292153328,i,73, weekly, physical-keyboard,42,0,0,1,80.0,358.0,357.0,468.0
5fff2877a99bcb65a14a223c,image-to-prompt,0,1,3,create an image of man and woman working side by side at the office,"[10,15]","[33,40]",44,1756292153635,1756292153716,d,68, weekly, physical-keyboard,43,0,0,1,81.0,387.0,388.0,255.0
5fff2877a99bcb65a14a223c,image-to-prompt,0,1,3,create an image of man and woman working side by side at the office,"[10,15]","[33,40]",45,1756292153834,1756292153890,e,69, weekly, physical-keyboard,44,0,0,1,56.0,199.0,174.0,343.0
5fff2877a99bcb65a14a223c,image-to-prompt,0,1,3,create an image of man and woman working side by side at the office,"[10,15]","[33,40]",46,1756292154102,1756292154177, ,32, weekly, physical-keyboard,45,0,0,0,75.0,268.0,287.0,607.0
5fff2877a99bcb65a14a223c,image-to-prompt,0,1,3,create an image of man and woman working side by side at the office,"[10,15]","[33,40]",47,1756292154627,1756292154709,b,66, weekly, physical-keyboard,46,0,0,1,82.0,525.0,532.0,321.0
5fff2877a99bcb65a14a223c,image-to-prompt,0,1,3,create an image of man and woman working side by side at the office,"[10,15]","[33,40]",48,1756292154867,1756292154948,y,89, weekly, physical-keyboard,47,0,0,1,81.0,240.0,239.0,349.0
5fff2877a99bcb65a14a223c,image-to-prompt,0,1,3,create an image of man and woman working side by side at the office,"[10,15]","[33,40]",49,1756292155129,1756292155216, ,32, weekly, physical-keyboard,48,0,0,0,87.0,262.0,268.0,678.0
5fff2877a99bcb65a14a223c,image-to-prompt,0,1,3,create an image of man and woman working side by side at the office,"[10,15]","[33,40]",50,1756292155721,1756292155807,s,83, weekly, physical-keyboard,49,0,0,1,86.0,592.0,591.0,448.0
5fff2877a99bcb65a14a223c,image-to-prompt,0,1,3,create an image of man and woman working side by side at the office,"[10,15]","[33,40]",51,1756292156088,1756292156169,i,73, weekly, physical-keyboard,50,0,0,1,81.0,367.0,362.0,459.0
5fff2877a99bcb65a14a223c,image-to-prompt,0,1,3,create an image of man and woman working side by side at the office,"[10,15]","[33,40]",52,1756292156465,1756292156547,d,68, weekly, physical-keyboard,51,0,0,1,82.0,377.0,378.0,285.0
5fff2877a99bcb65a14a223c,image-to-prompt,0,1,3,create an image of man and woman working side by side at the office,"[10,15]","[33,40]",53,1756292156674,1756292156750,e,69, weekly, physical-keyboard,52,0,0,1,76.0,209.0,203.0,325.0
5fff2877a99bcb65a14a223c,image-to-prompt,0,1,3,create an image of man and woman working side by side at the office,"[10,15]","[33,40]",54,1756292156914,1756292156999, ,32, weekly, physical-keyboard,53,0,0,0,85.0,240.0,249.0,612.0
5fff2877a99bcb65a14a223c,image-to-prompt,0,1,3,create an image of man and woman working side by side at the office,"[10,15]","[33,40]",55,1756292157425,1756292157526,a,65, weekly, physical-keyboard,54,0,0,1,101.0,511.0,527.0,455.0
5fff2877a99bcb65a14a223c,image-to-prompt,0,1,3,create an image of man and woman working side by side at the office,"[10,15]","[33,40]",56,1756292157803,1756292157880,t,84, weekly, physical-keyboard,55,0,0,1,77.0,378.0,354.0,359.0
5fff2877a99bcb65a14a223c,image-to-prompt,0,1,3,create an image of man and woman working side by side at the office,"[10,15]","[33,40]",57,1756292158076,1756292158162, ,32, weekly, physical-keyboard,56,0,0,0,86.0,273.0,282.0,374.0
5fff2877a99bcb65a14a223c,image-to-prompt,0,1,3,create an image of man and woman working side by side at the office,"[10,15]","[33,40]",58,1756292158364,1756292158450,t,84, weekly, physical-keyboard,57,0,0,1,86.0,288.0,288.0,286.0
5fff2877a99bcb65a14a223c,image-to-prompt,0,1,3,create an image of man and woman working side by side at the office,"[10,15]","[33,40]",59,1756292158568,1756292158650,h,72, weekly, physical-keyboard,58,0,0,1,82.0,204.0,200.0,637.0
5fff2877a99bcb65a14a223c,image-to-prompt,0,1,3,create an image of man and woman working side by side at the office,"[10,15]","[33,40]",60,1756292159125,1756292159205,e,69, weekly, physical-keyboard,59,0,0,1,80.0,557.0,555.0,318.0
5fff2877a99bcb65a14a223c,image-to-prompt,0,1,3,create an image of man and woman working side by side at the office,"[10,15]","[33,40]",61,1756292159372,1756292159443, ,32, weekly, physical-keyboard,60,0,0,0,71.0,247.0,238.0,419.0
5fff2877a99bcb65a14a223c,image-to-prompt,0,1,3,create an image of man and woman working side by side at the office,"[10,15]","[33,40]",62,1756292159706,1756292159791,w,87, weekly, physical-keyboard,61,0,0,1,85.0,334.0,348.0,949.0
5fff2877a99bcb65a14a223c,image-to-prompt,0,1,3,create an image of man and woman working side by side at the office,"[10,15]","[33,40]",63,1756292160586,1756292160655,Backspace,8, weekly, physical-keyboard,61,0,0,1,69.0,880.0,864.0,1029.0
5fff2877a99bcb65a14a223c,image-to-prompt,0,1,3,create an image of man and woman working side by side at the office,"[10,15]","[33,40]",64,1756292161533,1756292161615,o,79, weekly, physical-keyboard,61,0,0,1,82.0,947.0,960.0,911.0
5fff2877a99bcb65a14a223c,image-to-prompt,0,1,3,create an image of man and woman working side by side at the office,"[10,15]","[33,40]",65,1756292162378,1756292162444,f,70, weekly, physical-keyboard,62,0,0,1,66.0,845.0,829.0,240.0
5fff2877a99bcb65a14a223c,image-to-prompt,0,1,3,create an image of man and woman working side by side at the office,"[10,15]","[33,40]",66,1756292162546,1756292162618,f,70, weekly, physical-keyboard,63,0,0,1,72.0,168.0,174.0,360.0
5fff2877a99bcb65a14a223c,image-to-prompt,0,1,3,create an image of man and woman working side by side at the office,"[10,15]","[33,40]",67,1756292162840,1756292162906,i,73, weekly, physical-keyboard,64,0,0,1,66.0,294.0,288.0,543.0
5fff2877a99bcb65a14a223c,image-to-prompt,0,1,3,create an image of man and woman working side by side at the office,"[10,15]","[33,40]",68,1756292163316,1756292163383,c,67, weekly, physical-keyboard,65,0,0,1,67.0,476.0,477.0,296.0
5fff2877a99bcb65a14a223c,image-to-prompt,0,1,3,create an image of man and woman working side by side at the office,"[10,15]","[33,40]",69,1756292163544,1756292163612,e,69, weekly, physical-keyboard,66,0,0,1,68.0,228.0,229.0,
