PARTICIPANT_ID,EXPERIMENTTYPE,EXPERIMENTATTEMPT,TOTALATTEMPTCOUNT,LATINSQUARETYPE,PROMPT,CONFIDENT,UNCONFIDENT,KEYSTROKE_ID,PRESS_TIME,RELEASE_TIME,LETTER,KEYCODE,FREQUENCY,INPUTMETHOD,PROMPT_CHAR,CONFIDENT_MARKED_CHAR,UNCONFIDENT_MARKED_CHAR,WORD,D1U1,D1D2,U1U2,D1U2
663068f52490bf6d13f95968,prompt-to-text,1,2,3,What is the capital of Australia?,"[12,32]","[0,11]",0,1756263865252,1756263865503,Shift,16, daily, physical-keyboard,0,0,1,1,251.0,,,335.0
663068f52490bf6d13f95968,prompt-to-text,1,2,3,What is the capital of Australia?,"[12,32]","[0,11]",1,1756263865409,1756263865587,W,87, daily, physical-keyboard,0,0,1,1,178.0,157.0,84.0,435.0
663068f52490bf6d13f95968,prompt-to-text,1,2,3,What is the capital of Australia?,"[12,32]","[0,11]",2,1756263865763,1756263865844,h,72, daily, physical-keyboard,1,0,1,1,81.0,354.0,257.0,811.0
663068f52490bf6d13f95968,prompt-to-text,1,2,3,What is the capital of Australia?,"[12,32]","[0,11]",3,1756263866496,1756263866574,a,65, daily, physical-keyboard,2,0,1,1,78.0,733.0,730.0,146.0
663068f52490bf6d13f95968,prompt-to-text,1,2,3,What is the capital of Australia?,"[12,32]","[0,11]",4,1756263866587,1756263866642,t,84, daily, physical-keyboard,3,0,1,1,55.0,91.0,68.0,252.0
663068f52490bf6d13f95968,prompt-to-text,1,2,3,What is the capital of Australia?,"[12,32]","[0,11]",5,1756263866728,1756263866839, ,32, daily, physical-keyboard,4,0,1,0,111.0,141.0,197.0,309.0
663068f52490bf6d13f95968,prompt-to-text,1,2,3,What is the capital of Australia?,"[12,32]","[0,11]",6,1756263866964,1756263867037,i,73, daily, physical-keyboard,5,0,1,1,73.0,236.0,198.0,223.0
663068f52490bf6d13f95968,prompt-to-text,1,2,3,What is the capital of Australia?,"[12,32]","[0,11]",7,1756263867107,1756263867187,s,83, daily, physical-keyboard,6,0,1,1,80.0,143.0,150.0,210.0
663068f52490bf6d13f95968,prompt-to-text,1,2,3,What is the capital of Australia?,"[12,32]","[0,11]",8,1756263867243,1756263867317, ,32, daily, physical-keyboard,7,0,1,0,74.0,136.0,130.0,191.0
663068f52490bf6d13f95968,prompt-to-text,1,2,3,What is the capital of Australia?,"[12,32]","[0,11]",9,1756263867353,1756263867434,t,84, daily, physical-keyboard,8,0,1,1,81.0,110.0,117.0,269.0
663068f52490bf6d13f95968,prompt-to-text,1,2,3,What is the capital of Australia?,"[12,32]","[0,11]",10,1756263867552,1756263867622,e,69, daily, physical-keyboard,9,0,1,1,70.0,199.0,188.0,259.0
663068f52490bf6d13f95968,prompt-to-text,1,2,3,What is the capital of Australia?,"[12,32]","[0,11]",11,1756263867693,1756263867811, ,32, daily, physical-keyboard,9,0,1,1,118.0,141.0,189.0,485.0
663068f52490bf6d13f95968,prompt-to-text,1,2,3,What is the capital of Australia?,"[12,32]","[0,11]",12,1756263868101,1756263868178,Backspace,8, daily, physical-keyboard,9,0,1,1,77.0,408.0,367.0,221.0
663068f52490bf6d13f95968,prompt-to-text,1,2,3,What is the capital of Australia?,"[12,32]","[0,11]",13,1756263868272,1756263868322,Backspace,8, daily, physical-keyboard,9,0,1,1,50.0,171.0,144.0,324.0
663068f52490bf6d13f95968,prompt-to-text,1,2,3,What is the capital of Australia?,"[12,32]","[0,11]",14,1756263868529,1756263868596,h,72, daily, physical-keyboard,9,0,1,1,67.0,257.0,274.0,197.0
663068f52490bf6d13f95968,prompt-to-text,1,2,3,What is the capital of Australia?,"[12,32]","[0,11]",15,1756263868658,1756263868726,e,69, daily, physical-keyboard,10,0,1,1,68.0,129.0,130.0,161.0
663068f52490bf6d13f95968,prompt-to-text,1,2,3,What is the capital of Australia?,"[12,32]","[0,11]",16,1756263868739,1756263868819, ,32, daily, physical-keyboard,11,0,1,0,80.0,81.0,93.0,275.0
663068f52490bf6d13f95968,prompt-to-text,1,2,3,What is the capital of Australia?,"[12,32]","[0,11]",17,1756263868954,1756263869014,c,67, daily, physical-keyboard,12,1,0,1,60.0,215.0,195.0,324.0
663068f52490bf6d13f95968,prompt-to-text,1,2,3,What is the capital of Australia?,"[12,32]","[0,11]",18,1756263869196,1756263869278,a,65, daily, physical-keyboard,13,1,0,1,82.0,242.0,264.0,247.0
663068f52490bf6d13f95968,prompt-to-text,1,2,3,What is the capital of Australia?,"[12,32]","[0,11]",19,1756263869364,1756263869443,p,80, daily, physical-keyboard,14,1,0,1,79.0,168.0,165.0,326.0
663068f52490bf6d13f95968,prompt-to-text,1,2,3,What is the capital of Australia?,"[12,32]","[0,11]",20,1756263869611,1756263869690,i,73, daily, physical-keyboard,15,1,0,1,79.0,247.0,247.0,195.0
663068f52490bf6d13f95968,prompt-to-text,1,2,3,What is the capital of Australia?,"[12,32]","[0,11]",21,1756263869746,1756263869806,t,84, daily, physical-keyboard,16,1,0,1,60.0,135.0,116.0,317.0
663068f52490bf6d13f95968,prompt-to-text,1,2,3,What is the capital of Australia?,"[12,32]","[0,11]",22,1756263869972,1756263870063,a,65, daily, physical-keyboard,17,1,0,1,91.0,226.0,257.0,197.0
663068f52490bf6d13f95968,prompt-to-text,1,2,3,What is the capital of Australia?,"[12,32]","[0,11]",23,1756263870076,1756263870169,l,76, daily, physical-keyboard,18,1,0,1,93.0,104.0,106.0,183.0
663068f52490bf6d13f95968,prompt-to-text,1,2,3,What is the capital of Australia?,"[12,32]","[0,11]",24,1756263870156,1756263870259, ,32, daily, physical-keyboard,19,1,0,0,103.0,80.0,90.0,235.0
663068f52490bf6d13f95968,prompt-to-text,1,2,3,What is the capital of Australia?,"[12,32]","[0,11]",25,1756263870325,1756263870391,o,79, daily, physical-keyboard,20,1,0,1,66.0,169.0,132.0,212.0
663068f52490bf6d13f95968,prompt-to-text,1,2,3,What is the capital of Australia?,"[12,32]","[0,11]",26,1756263870463,1756263870537,f,70, daily, physical-keyboard,21,1,0,1,74.0,138.0,146.0,159.0
663068f52490bf6d13f95968,prompt-to-text,1,2,3,What is the capital of Australia?,"[12,32]","[0,11]",27,1756263870535,1756263870622, ,32, daily, physical-keyboard,22,1,0,0,87.0,72.0,85.0,402.0
663068f52490bf6d13f95968,prompt-to-text,1,2,3,What is the capital of Australia?,"[12,32]","[0,11]",28,1756263870757,1756263870937,Shift,16, daily, physical-keyboard,23,1,0,1,180.0,222.0,315.0,244.0
663068f52490bf6d13f95968,prompt-to-text,1,2,3,What is the capital of Australia?,"[12,32]","[0,11]",29,1756263870912,1756263871001,A,65, daily, physical-keyboard,23,1,0,1,89.0,155.0,64.0,260.0
663068f52490bf6d13f95968,prompt-to-text,1,2,3,What is the capital of Australia?,"[12,32]","[0,11]",30,1756263871105,1756263871172,u,85, daily, physical-keyboard,24,1,0,1,67.0,193.0,171.0,186.0
663068f52490bf6d13f95968,prompt-to-text,1,2,3,What is the capital of Australia?,"[12,32]","[0,11]",31,1756263871223,1756263871291,s,83, daily, physical-keyboard,25,1,0,1,68.0,118.0,119.0,385.0
663068f52490bf6d13f95968,prompt-to-text,1,2,3,What is the capital of Australia?,"[12,32]","[0,11]",32,1756263871535,1756263871608,t,84, daily, physical-keyboard,26,1,0,1,73.0,312.0,317.0,276.0
663068f52490bf6d13f95968,prompt-to-text,1,2,3,What is the capital of Australia?,"[12,32]","[0,11]",33,1756263871754,1756263871811,r,82, daily, physical-keyboard,27,1,0,1,57.0,219.0,203.0,289.0
663068f52490bf6d13f95968,prompt-to-text,1,2,3,What is the capital of Australia?,"[12,32]","[0,11]",34,1756263871988,1756263872043,a,65, daily, physical-keyboard,28,1,0,1,55.0,234.0,232.0,151.0
663068f52490bf6d13f95968,prompt-to-text,1,2,3,What is the capital of Australia?,"[12,32]","[0,11]",35,1756263872047,1756263872139,l,76, daily, physical-keyboard,29,1,0,1,92.0,59.0,96.0,250.0
663068f52490bf6d13f95968,prompt-to-text,1,2,3,What is the capital of Australia?,"[12,32]","[0,11]",36,1756263872233,1756263872297,i,73, daily, physical-keyboard,30,1,0,1,64.0,186.0,158.0,208.0
663068f52490bf6d13f95968,prompt-to-text,1,2,3,What is the capital of Australia?,"[12,32]","[0,11]",37,1756263872366,1756263872441,a,65, daily, physical-keyboard,31,1,0,1,75.0,133.0,144.0,278.0
663068f52490bf6d13f95968,prompt-to-text,1,2,3,What is the capital of Australia?,"[12,32]","[0,11]",38,1756263872515,1756263872644,Shift,16, daily, physical-keyboard,32,1,0,1,129.0,149.0,203.0,208.0
663068f52490bf6d13f95968,prompt-to-text,1,2,3,What is the capital of Australia?,"[12,32]","[0,11]",39,1756263872638,1756263872723,?,191, daily, physical-keyboard,32,1,0,1,85.0,123.0,79.0,
