PARTICIPANT_ID,EXPERIMENTTYPE,EXPERIMENTATTEMPT,TOTALATTEMPTCOUNT,LATINSQUARETYPE,PROMPT,CONFIDENT,UNCONFIDENT,KEYSTROKE_ID,PRESS_TIME,RELEASE_TIME,LETTER,KEYCODE,FREQUENCY,INPUTMETHOD,PROMPT_CHAR,CONFIDENT_MARKED_CHAR,UNCONFIDENT_MARKED_CHAR,WORD,D1U1,D1D2,U1U2,D1U2
664fa86722f5339adebd32ec,prompt-to-text,1,2,3,explain to me like a child what democracy means,"[32,47];[0,13];[27,47]","[0,26];[0,25]",0,1756306893775,1756306893890,w,87, monthly, physical-keyboard,0,1,1,1,115.0,,,273.0
664fa86722f5339adebd32ec,prompt-to-text,1,2,3,explain to me like a child what democracy means,"[32,47];[0,13];[27,47]","[0,26];[0,25]",1,1756306893961,1756306894048,h,72, monthly, physical-keyboard,0,1,1,1,87.0,186.0,158.0,323.0
664fa86722f5339adebd32ec,prompt-to-text,1,2,3,explain to me like a child what democracy means,"[32,47];[0,13];[27,47]","[0,26];[0,25]",2,1756306894124,1756306894284,a,65, monthly, physical-keyboard,0,1,1,1,160.0,163.0,236.0,285.0
664fa86722f5339adebd32ec,prompt-to-text,1,2,3,explain to me like a child what democracy means,"[32,47];[0,13];[27,47]","[0,26];[0,25]",3,1756306894334,1756306894409,t,84, monthly, physical-keyboard,0,1,1,1,75.0,210.0,125.0,378.0
664fa86722f5339adebd32ec,prompt-to-text,1,2,3,explain to me like a child what democracy means,"[32,47];[0,13];[27,47]","[0,26];[0,25]",4,1756306894633,1756306894712, ,32, monthly, physical-keyboard,0,1,1,1,79.0,299.0,303.0,1481.0
664fa86722f5339adebd32ec,prompt-to-text,1,2,3,explain to me like a child what democracy means,"[32,47];[0,13];[27,47]","[0,26];[0,25]",5,1756306895994,1756306896114,Backspace,8, monthly, physical-keyboard,0,1,1,1,120.0,1361.0,1402.0,551.0
664fa86722f5339adebd32ec,prompt-to-text,1,2,3,explain to me like a child what democracy means,"[32,47];[0,13];[27,47]","[0,26];[0,25]",6,1756306896197,1756306896545,Backspace,8, monthly, physical-keyboard,0,1,1,1,348.0,203.0,431.0,581.0
664fa86722f5339adebd32ec,prompt-to-text,1,2,3,explain to me like a child what democracy means,"[32,47];[0,13];[27,47]","[0,26];[0,25]",7,1756306896603,1756306896778,Backspace,8, monthly, physical-keyboard,0,1,1,1,175.0,406.0,233.0,440.0
664fa86722f5339adebd32ec,prompt-to-text,1,2,3,explain to me like a child what democracy means,"[32,47];[0,13];[27,47]","[0,26];[0,25]",8,1756306896888,1756306897043,Backspace,8, monthly, physical-keyboard,0,1,1,1,155.0,285.0,265.0,292.0
664fa86722f5339adebd32ec,prompt-to-text,1,2,3,explain to me like a child what democracy means,"[32,47];[0,13];[27,47]","[0,26];[0,25]",9,1756306897069,1756306897180,Backspace,8, monthly, physical-keyboard,0,1,1,1,111.0,181.0,137.0,265.0
664fa86722f5339adebd32ec,prompt-to-text,1,2,3,explain to me like a child what democracy means,"[32,47];[0,13];[27,47]","[0,26];[0,25]",10,1756306897287,1756306897334,Backspace,8, monthly, physical-keyboard,0,1,1,1,47.0,218.0,154.0,882.0
664fa86722f5339adebd32ec,prompt-to-text,1,2,3,explain to me like a child what democracy means,"[32,47];[0,13];[27,47]","[0,26];[0,25]",11,1756306898058,1756306898169,e,69, monthly, physical-keyboard,0,1,1,1,111.0,771.0,835.0,648.0
664fa86722f5339adebd32ec,prompt-to-text,1,2,3,explain to me like a child what democracy means,"[32,47];[0,13];[27,47]","[0,26];[0,25]",12,1756306898603,1756306898706,x,88, monthly, physical-keyboard,1,1,1,1,103.0,545.0,537.0,461.0
664fa86722f5339adebd32ec,prompt-to-text,1,2,3,explain to me like a child what democracy means,"[32,47];[0,13];[27,47]","[0,26];[0,25]",13,1756306898993,1756306899064,p,80, monthly, physical-keyboard,2,1,1,1,71.0,390.0,358.0,298.0
664fa86722f5339adebd32ec,prompt-to-text,1,2,3,explain to me like a child what democracy means,"[32,47];[0,13];[27,47]","[0,26];[0,25]",14,1756306899204,1756306899291,l,76, monthly, physical-keyboard,3,1,1,1,87.0,211.0,227.0,343.0
664fa86722f5339adebd32ec,prompt-to-text,1,2,3,explain to me like a child what democracy means,"[32,47];[0,13];[27,47]","[0,26];[0,25]",15,1756306899400,1756306899547,a,65, monthly, physical-keyboard,4,1,1,1,147.0,196.0,256.0,512.0
664fa86722f5339adebd32ec,prompt-to-text,1,2,3,explain to me like a child what democracy means,"[32,47];[0,13];[27,47]","[0,26];[0,25]",16,1756306899822,1756306899912,i,73, monthly, physical-keyboard,5,1,1,1,90.0,422.0,365.0,360.0
664fa86722f5339adebd32ec,prompt-to-text,1,2,3,explain to me like a child what democracy means,"[32,47];[0,13];[27,47]","[0,26];[0,25]",17,1756306900075,1756306900182,n,78, monthly, physical-keyboard,6,1,1,1,107.0,253.0,270.0,348.0
664fa86722f5339adebd32ec,prompt-to-text,1,2,3,explain to me like a child what democracy means,"[32,47];[0,13];[27,47]","[0,26];[0,25]",18,1756306900320,1756306900423, ,32, monthly, physical-keyboard,7,1,1,0,103.0,245.0,241.0,948.0
664fa86722f5339adebd32ec,prompt-to-text,1,2,3,explain to me like a child what democracy means,"[32,47];[0,13];[27,47]","[0,26];[0,25]",19,1756306901185,1756306901268,t,84, monthly, physical-keyboard,8,1,1,1,83.0,865.0,845.0,571.0
664fa86722f5339adebd32ec,prompt-to-text,1,2,3,explain to me like a child what democracy means,"[32,47];[0,13];[27,47]","[0,26];[0,25]",20,1756306901683,1756306901756,o,79, monthly, physical-keyboard,9,1,1,1,73.0,498.0,488.0,488.0
664fa86722f5339adebd32ec,prompt-to-text,1,2,3,explain to me like a child what democracy means,"[32,47];[0,13];[27,47]","[0,26];[0,25]",21,1756306902094,1756306902171, ,32, monthly, physical-keyboard,10,1,1,0,77.0,411.0,415.0,771.0
664fa86722f5339adebd32ec,prompt-to-text,1,2,3,explain to me like a child what democracy means,"[32,47];[0,13];[27,47]","[0,26];[0,25]",22,1756306902806,1756306902865,m,77, monthly, physical-keyboard,11,1,1,1,59.0,712.0,694.0,408.0
664fa86722f5339adebd32ec,prompt-to-text,1,2,3,explain to me like a child what democracy means,"[32,47];[0,13];[27,47]","[0,26];[0,25]",23,1756306903087,1756306903214,e,69, monthly, physical-keyboard,12,1,1,1,127.0,281.0,349.0,363.0
664fa86722f5339adebd32ec,prompt-to-text,1,2,3,explain to me like a child what democracy means,"[32,47];[0,13];[27,47]","[0,26];[0,25]",24,1756306903370,1756306903450, ,32, monthly, physical-keyboard,13,1,1,0,80.0,283.0,236.0,1725.0
664fa86722f5339adebd32ec,prompt-to-text,1,2,3,explain to me like a child what democracy means,"[32,47];[0,13];[27,47]","[0,26];[0,25]",25,1756306905036,1756306905095,l,76, monthly, physical-keyboard,14,0,1,1,59.0,1666.0,1645.0,315.0
664fa86722f5339adebd32ec,prompt-to-text,1,2,3,explain to me like a child what democracy means,"[32,47];[0,13];[27,47]","[0,26];[0,25]",26,1756306905260,1756306905351,i,73, monthly, physical-keyboard,15,0,1,1,91.0,224.0,256.0,292.0
664fa86722f5339adebd32ec,prompt-to-text,1,2,3,explain to me like a child what democracy means,"[32,47];[0,13];[27,47]","[0,26];[0,25]",27,1756306905482,1756306905552,k,75, monthly, physical-keyboard,16,0,1,1,70.0,222.0,201.0,328.0
664fa86722f5339adebd32ec,prompt-to-text,1,2,3,explain to me like a child what democracy means,"[32,47];[0,13];[27,47]","[0,26];[0,25]",28,1756306905694,1756306905810,e,69, monthly, physical-keyboard,17,0,1,1,116.0,212.0,258.0,294.0
664fa86722f5339adebd32ec,prompt-to-text,1,2,3,explain to me like a child what democracy means,"[32,47];[0,13];[27,47]","[0,26];[0,25]",29,1756306905901,1756306905988, ,32, monthly, physical-keyboard,18,0,1,0,87.0,207.0,178.0,675.0
664fa86722f5339adebd32ec,prompt-to-text,1,2,3,explain to me like a child what democracy means,"[32,47];[0,13];[27,47]","[0,26];[0,25]",30,1756306906466,1756306906576,a,65, monthly, physical-keyboard,19,0,1,1,110.0,565.0,588.0,301.0
664fa86722f5339adebd32ec,prompt-to-text,1,2,3,explain to me like a child what democracy means,"[32,47];[0,13];[27,47]","[0,26];[0,25]",31,1756306906699,1756306906767, ,32, monthly, physical-keyboard,20,0,1,0,68.0,233.0,191.0,525.0
664fa86722f5339adebd32ec,prompt-to-text,1,2,3,explain to me like a child what democracy means,"[32,47];[0,13];[27,47]","[0,26];[0,25]",32,1756306907085,1756306907224,c,67, monthly, physical-keyboard,21,0,1,1,139.0,386.0,457.0,500.0
664fa86722f5339adebd32ec,prompt-to-text,1,2,3,explain to me like a child what democracy means,"[32,47];[0,13];[27,47]","[0,26];[0,25]",33,1756306907521,1756306907585,h,72, monthly, physical-keyboard,22,0,1,1,64.0,436.0,361.0,1529.0
664fa86722f5339adebd32ec,prompt-to-text,1,2,3,explain to me like a child what democracy means,"[32,47];[0,13];[27,47]","[0,26];[0,25]",34,1756306909000,1756306909050,i,73, monthly, physical-keyboard,23,0,1,1,50.0,1479.0,1465.0,457.0
664fa86722f5339adebd32ec,prompt-to-text,1,2,3,explain to me like a child what democracy means,"[32,47];[0,13];[27,47]","[0,26];[0,25]",35,1756306909375,1756306909457,l,76, monthly, physical-keyboard,24,0,1,1,82.0,375.0,407.0,442.0
664fa86722f5339adebd32ec,prompt-to-text,1,2,3,explain to me like a child what democracy means,"[32,47];[0,13];[27,47]","[0,26];[0,25]",36,1756306909682,1756306909817,d,68, monthly, physical-keyboard,25,0,1,1,135.0,307.0,360.0,411.0
664fa86722f5339adebd32ec,prompt-to-text,1,2,3,explain to me like a child what democracy means,"[32,47];[0,13];[27,47]","[0,26];[0,25]",37,1756306910017,1756306910093, ,32, monthly, physical-keyboard,26,0,1,0,76.0,335.0,276.0,4369.0
664fa86722f5339adebd32ec,prompt-to-text,1,2,3,explain to me like a child what democracy means,"[32,47];[0,13];[27,47]","[0,26];[0,25]",38,1756306914289,1756306914386,w,87, monthly, physical-keyboard,27,1,0,1,97.0,4272.0,4293.0,355.0
664fa86722f5339adebd32ec,prompt-to-text,1,2,3,explain to me like a child what democracy means,"[32,47];[0,13];[27,47]","[0,26];[0,25]",39,1756306914561,1756306914644,h,72, monthly, physical-keyboard,28,1,0,1,83.0,272.0,258.0,308.0
664fa86722f5339adebd32ec,prompt-to-text,1,2,3,explain to me like a child what democracy means,"[32,47];[0,13];[27,47]","[0,26];[0,25]",40,1756306914753,1756306914869,a,65, monthly, physical-keyboard,29,1,0,1,116.0,192.0,225.0,232.0
664fa86722f5339adebd32ec,prompt-to-text,1,2,3,explain to me like a child what democracy means,"[32,47];[0,13];[27,47]","[0,26];[0,25]",41,1756306914921,1756306914985,t,84, monthly, physical-keyboard,30,1,0,1,64.0,168.0,116.0,408.0
664fa86722f5339adebd32ec,prompt-to-text,1,2,3,explain to me like a child what democracy means,"[32,47];[0,13];[27,47]","[0,26];[0,25]",42,1756306915245,1756306915329, ,32, monthly, physical-keyboard,31,1,0,0,84.0,324.0,344.0,2757.0
664fa86722f5339adebd32ec,prompt-to-text,1,2,3,explain to me like a child what democracy means,"[32,47];[0,13];[27,47]","[0,26];[0,25]",43,1756306917847,1756306918002,d,68, monthly, physical-keyboard,32,1,0,1,155.0,2602.0,2673.0,1658.0
664fa86722f5339adebd32ec,prompt-to-text,1,2,3,explain to me like a child what democracy means,"[32,47];[0,13];[27,47]","[0,26];[0,25]",44,1756306919374,1756306919505,e,69, monthly, physical-keyboard,33,1,0,1,131.0,1527.0,1503.0,395.0
664fa86722f5339adebd32ec,prompt-to-text,1,2,3,explain to me like a child what democracy means,"[32,47];[0,13];[27,47]","[0,26];[0,25]",45,1756306919698,1756306919769,m,77, monthly, physical-keyboard,34,1,0,1,71.0,324.0,264.0,413.0
664fa86722f5339adebd32ec,prompt-to-text,1,2,3,explain to me like a child what democracy means,"[32,47];[0,13];[27,47]","[0,26];[0,25]",46,1756306920027,1756306920111,o,79, monthly, physical-keyboard,35,1,0,1,84.0,329.0,342.0,414.0
664fa86722f5339adebd32ec,prompt-to-text,1,2,3,explain to me like a child what democracy means,"[32,47];[0,13];[27,47]","[0,26];[0,25]",47,1756306920362,1756306920441,c,67, monthly, physical-keyboard,36,1,0,1,79.0,335.0,330.0,556.0
664fa86722f5339adebd32ec,prompt-to-text,1,2,3,explain to me like a child what democracy means,"[32,47];[0,13];[27,47]","[0,26];[0,25]",48,1756306920827,1756306920918,r,82, monthly, physical-keyboard,37,1,0,1,91.0,465.0,477.0,342.0
664fa86722f5339adebd32ec,prompt-to-text,1,2,3,explain to me like a child what democracy means,"[32,47];[0,13];[27,47]","[0,26];[0,25]",49,1756306921022,1756306921169,a,65, monthly, physical-keyboard,38,1,0,1,147.0,195.0,251.0,1768.0
664fa86722f5339adebd32ec,prompt-to-text,1,2,3,explain to me like a child what democracy means,"[32,47];[0,13];[27,47]","[0,26];[0,25]",50,1756306922654,1756306922790,c,67, monthly, physical-keyboard,39,1,0,1,136.0,1632.0,1621.0,380.0
664fa86722f5339adebd32ec,prompt-to-text,1,2,3,explain to me like a child what democracy means,"[32,47];[0,13];[27,47]","[0,26];[0,25]",51,1756306922931,1756306923034,y,89, monthly, physical-keyboard,40,1,0,1,103.0,277.0,244.0,396.0
664fa86722f5339adebd32ec,prompt-to-text,1,2,3,explain to me like a child what democracy means,"[32,47];[0,13];[27,47]","[0,26];[0,25]",52,1756306923240,1756306923327, ,32, monthly, physical-keyboard,41,1,0,0,87.0,309.0,293.0,1948.0
664fa86722f5339adebd32ec,prompt-to-text,1,2,3,explain to me like a child what democracy means,"[32,47];[0,13];[27,47]","[0,26];[0,25]",53,1756306925121,1756306925188,m,77, monthly, physical-keyboard,42,1,0,1,67.0,1881.0,1861.0,600.0
664fa86722f5339adebd32ec,prompt-to-text,1,2,3,explain to me like a child what democracy means,"[32,47];[0,13];[27,47]","[0,26];[0,25]",54,1756306925630,1756306925721,e,69, monthly, physical-keyboard,43,1,0,1,91.0,509.0,533.0,447.0
664fa86722f5339adebd32ec,prompt-to-text,1,2,3,explain to me like a child what democracy means,"[32,47];[0,13];[27,47]","[0,26];[0,25]",55,1756306925913,1756306926077,a,65, monthly, physical-keyboard,44,1,0,1,164.0,283.0,356.0,399.0
664fa86722f5339adebd32ec,prompt-to-text,1,2,3,explain to me like a child what democracy means,"[32,47];[0,13];[27,47]","[0,26];[0,25]",56,1756306926237,1756306926312,n,78, monthly, physical-keyboard,45,1,0,1,75.0,324.0,235.0,330.0
664fa86722f5339adebd32ec,prompt-to-text,1,2,3,explain to me like a child what democracy means,"[32,47];[0,13];[27,47]","[0,26];[0,25]",57,1756306926439,1756306926567,s,83, monthly, physical-keyboard,46,1,0,1,128.0,202.0,255.0,
