PARTICIPANT_ID,EXPERIMENTTYPE,EXPERIMENTATTEMPT,TOTALATTEMPTCOUNT,LATINSQUARETYPE,PROMPT,CONFIDENT,UNCONFIDENT,KEYSTROKE_ID,PRESS_TIME,RELEASE_TIME,LETTER,KEYCODE,FREQUENCY,INPUTMETHOD,PROMPT_CHAR,CONFIDENT_MARKED_CHAR,UNCONFIDENT_MARKED_CHAR,WORD,D1U1,D1D2,U1U2,D1U2
5bf368846edd7200017136c7,image-to-prompt,1,5,2,"Draw a photo of a river with ducks, trees, clouds, foliage, a sunny day.","[18,23];[29,58];[62,67]","[7,13]",0,1755624882740,1755624883860,Shift,16, weekly, physical-keyboard,0,0,0,1,1120.0,,,1183.0
5bf368846edd7200017136c7,image-to-prompt,1,5,2,"Draw a photo of a river with ducks, trees, clouds, foliage, a sunny day.","[18,23];[29,58];[62,67]","[7,13]",1,1755624883759,1755624883923,D,68, weekly, physical-keyboard,0,0,0,1,164.0,1018.9999999999999,63.0,751.0
5bf368846edd7200017136c7,image-to-prompt,1,5,2,"Draw a photo of a river with ducks, trees, clouds, foliage, a sunny day.","[18,23];[29,58];[62,67]","[7,13]",2,1755624884332,1755624884510,r,82, weekly, physical-keyboard,1,0,0,1,178.0,573.0,587.0,391.0
5bf368846edd7200017136c7,image-to-prompt,1,5,2,"Draw a photo of a river with ducks, trees, clouds, foliage, a sunny day.","[18,23];[29,58];[62,67]","[7,13]",3,1755624884536,1755624884723,a,65, weekly, physical-keyboard,2,0,0,1,187.0,204.0,213.0,318.0
5bf368846edd7200017136c7,image-to-prompt,1,5,2,"Draw a photo of a river with ducks, trees, clouds, foliage, a sunny day.","[18,23];[29,58];[62,67]","[7,13]",4,1755624884674,1755624884854,w,87, weekly, physical-keyboard,3,0,0,1,180.0,138.0,131.0,319.0
5bf368846edd7200017136c7,image-to-prompt,1,5,2,"Draw a photo of a river with ducks, trees, clouds, foliage, a sunny day.","[18,23];[29,58];[62,67]","[7,13]",5,1755624884848,1755624884993, ,32, weekly, physical-keyboard,4,0,0,0,145.0,174.0,139.0,368.0
5bf368846edd7200017136c7,image-to-prompt,1,5,2,"Draw a photo of a river with ducks, trees, clouds, foliage, a sunny day.","[18,23];[29,58];[62,67]","[7,13]",6,1755624885082,1755624885216,a,65, weekly, physical-keyboard,5,0,0,1,134.0,234.0,223.0,206.0
5bf368846edd7200017136c7,image-to-prompt,1,5,2,"Draw a photo of a river with ducks, trees, clouds, foliage, a sunny day.","[18,23];[29,58];[62,67]","[7,13]",7,1755624885175,1755624885288, ,32, weekly, physical-keyboard,6,0,0,0,113.0,93.0,72.0,2789.0
5bf368846edd7200017136c7,image-to-prompt,1,5,2,"Draw a photo of a river with ducks, trees, clouds, foliage, a sunny day.","[18,23];[29,58];[62,67]","[7,13]",8,1755624887771,1755624887964,p,80, weekly, physical-keyboard,7,0,1,1,193.0,2596.0,2676.0,308.0
5bf368846edd7200017136c7,image-to-prompt,1,5,2,"Draw a photo of a river with ducks, trees, clouds, foliage, a sunny day.","[18,23];[29,58];[62,67]","[7,13]",9,1755624887919,1755624888079,h,72, weekly, physical-keyboard,8,0,1,1,160.0,148.0,115.0,278.0
5bf368846edd7200017136c7,image-to-prompt,1,5,2,"Draw a photo of a river with ducks, trees, clouds, foliage, a sunny day.","[18,23];[29,58];[62,67]","[7,13]",10,1755624888092,1755624888197,o,79, weekly, physical-keyboard,9,0,1,1,105.0,173.0,118.0,275.0
5bf368846edd7200017136c7,image-to-prompt,1,5,2,"Draw a photo of a river with ducks, trees, clouds, foliage, a sunny day.","[18,23];[29,58];[62,67]","[7,13]",11,1755624888245,1755624888367,t,84, weekly, physical-keyboard,10,0,1,1,122.0,153.0,170.0,188.0
5bf368846edd7200017136c7,image-to-prompt,1,5,2,"Draw a photo of a river with ducks, trees, clouds, foliage, a sunny day.","[18,23];[29,58];[62,67]","[7,13]",12,1755624888331,1755624888433,o,79, weekly, physical-keyboard,11,0,1,1,102.0,86.0,66.0,2729.0
5bf368846edd7200017136c7,image-to-prompt,1,5,2,"Draw a photo of a river with ducks, trees, clouds, foliage, a sunny day.","[18,23];[29,58];[62,67]","[7,13]",13,1755624890896,1755624891060, ,32, weekly, physical-keyboard,12,0,1,0,164.0,2565.0,2627.0,744.0
5bf368846edd7200017136c7,image-to-prompt,1,5,2,"Draw a photo of a river with ducks, trees, clouds, foliage, a sunny day.","[18,23];[29,58];[62,67]","[7,13]",14,1755624891511,1755624891640,o,79, weekly, physical-keyboard,13,0,1,1,129.0,615.0,580.0,338.0
5bf368846edd7200017136c7,image-to-prompt,1,5,2,"Draw a photo of a river with ducks, trees, clouds, foliage, a sunny day.","[18,23];[29,58];[62,67]","[7,13]",15,1755624891670,1755624891849,f,70, weekly, physical-keyboard,14,0,0,1,179.0,159.0,209.0,272.0
5bf368846edd7200017136c7,image-to-prompt,1,5,2,"Draw a photo of a river with ducks, trees, clouds, foliage, a sunny day.","[18,23];[29,58];[62,67]","[7,13]",16,1755624891784,1755624891942, ,32, weekly, physical-keyboard,15,0,0,0,158.0,114.0,93.0,301.0
5bf368846edd7200017136c7,image-to-prompt,1,5,2,"Draw a photo of a river with ducks, trees, clouds, foliage, a sunny day.","[18,23];[29,58];[62,67]","[7,13]",17,1755624891917,1755624892085,a,65, weekly, physical-keyboard,16,0,0,1,168.0,133.0,143.0,269.0
5bf368846edd7200017136c7,image-to-prompt,1,5,2,"Draw a photo of a river with ducks, trees, clouds, foliage, a sunny day.","[18,23];[29,58];[62,67]","[7,13]",18,1755624892023,1755624892186, ,32, weekly, physical-keyboard,17,0,0,0,163.0,106.0,101.0,208.0
5bf368846edd7200017136c7,image-to-prompt,1,5,2,"Draw a photo of a river with ducks, trees, clouds, foliage, a sunny day.","[18,23];[29,58];[62,67]","[7,13]",19,1755624892124,1755624892231,r,82, weekly, physical-keyboard,18,1,0,1,107.0,101.0,45.0,233.0
5bf368846edd7200017136c7,image-to-prompt,1,5,2,"Draw a photo of a river with ducks, trees, clouds, foliage, a sunny day.","[18,23];[29,58];[62,67]","[7,13]",20,1755624892215,1755624892357,i,73, weekly, physical-keyboard,19,1,0,1,142.0,91.0,126.0,306.0
5bf368846edd7200017136c7,image-to-prompt,1,5,2,"Draw a photo of a river with ducks, trees, clouds, foliage, a sunny day.","[18,23];[29,58];[62,67]","[7,13]",21,1755624892409,1755624892521,v,86, weekly, physical-keyboard,20,1,0,1,112.0,194.0,164.0,511.0
5bf368846edd7200017136c7,image-to-prompt,1,5,2,"Draw a photo of a river with ducks, trees, clouds, foliage, a sunny day.","[18,23];[29,58];[62,67]","[7,13]",22,1755624892701,1755624892920,e,69, weekly, physical-keyboard,21,1,0,1,219.0,292.0,399.0,279.0
5bf368846edd7200017136c7,image-to-prompt,1,5,2,"Draw a photo of a river with ducks, trees, clouds, foliage, a sunny day.","[18,23];[29,58];[62,67]","[7,13]",23,1755624892834,1755624892980,r,82, weekly, physical-keyboard,22,1,0,1,146.0,133.0,60.0,277.0
5bf368846edd7200017136c7,image-to-prompt,1,5,2,"Draw a photo of a river with ducks, trees, clouds, foliage, a sunny day.","[18,23];[29,58];[62,67]","[7,13]",24,1755624892955,1755624893111, ,32, weekly, physical-keyboard,23,1,0,0,156.0,121.0,131.0,218.0
5bf368846edd7200017136c7,image-to-prompt,1,5,2,"Draw a photo of a river with ducks, trees, clouds, foliage, a sunny day.","[18,23];[29,58];[62,67]","[7,13]",25,1755624893033,1755624893173,w,87, weekly, physical-keyboard,24,0,0,1,140.0,78.0,62.0,197.0
5bf368846edd7200017136c7,image-to-prompt,1,5,2,"Draw a photo of a river with ducks, trees, clouds, foliage, a sunny day.","[18,23];[29,58];[62,67]","[7,13]",26,1755624893127,1755624893230,i,73, weekly, physical-keyboard,25,0,0,1,103.0,94.0,57.0,272.0
5bf368846edd7200017136c7,image-to-prompt,1,5,2,"Draw a photo of a river with ducks, trees, clouds, foliage, a sunny day.","[18,23];[29,58];[62,67]","[7,13]",27,1755624893299,1755624893399,t,84, weekly, physical-keyboard,26,0,0,1,100.0,172.0,169.0,191.0
5bf368846edd7200017136c7,image-to-prompt,1,5,2,"Draw a photo of a river with ducks, trees, clouds, foliage, a sunny day.","[18,23];[29,58];[62,67]","[7,13]",28,1755624893364,1755624893490,h,72, weekly, physical-keyboard,27,0,0,1,126.0,65.0,91.0,239.0
5bf368846edd7200017136c7,image-to-prompt,1,5,2,"Draw a photo of a river with ducks, trees, clouds, foliage, a sunny day.","[18,23];[29,58];[62,67]","[7,13]",29,1755624893486,1755624893603, ,32, weekly, physical-keyboard,28,0,0,0,117.0,122.0,113.0,288.0
5bf368846edd7200017136c7,image-to-prompt,1,5,2,"Draw a photo of a river with ducks, trees, clouds, foliage, a sunny day.","[18,23];[29,58];[62,67]","[7,13]",30,1755624893680,1755624893774,d,68, weekly, physical-keyboard,29,1,0,1,94.0,194.0,171.0,156.0
5bf368846edd7200017136c7,image-to-prompt,1,5,2,"Draw a photo of a river with ducks, trees, clouds, foliage, a sunny day.","[18,23];[29,58];[62,67]","[7,13]",31,1755624893729,1755624893836,u,85, weekly, physical-keyboard,30,1,0,1,107.0,49.0,62.0,269.0
5bf368846edd7200017136c7,image-to-prompt,1,5,2,"Draw a photo of a river with ducks, trees, clouds, foliage, a sunny day.","[18,23];[29,58];[62,67]","[7,13]",32,1755624893885,1755624893998,c,67, weekly, physical-keyboard,31,1,0,1,113.0,156.0,162.0,225.0
5bf368846edd7200017136c7,image-to-prompt,1,5,2,"Draw a photo of a river with ducks, trees, clouds, foliage, a sunny day.","[18,23];[29,58];[62,67]","[7,13]",33,1755624893975,1755624894110,k,75, weekly, physical-keyboard,32,1,0,1,135.0,90.0,112.0,265.0
5bf368846edd7200017136c7,image-to-prompt,1,5,2,"Draw a photo of a river with ducks, trees, clouds, foliage, a sunny day.","[18,23];[29,58];[62,67]","[7,13]",34,1755624894116,1755624894240,s,83, weekly, physical-keyboard,33,1,0,1,124.0,141.0,130.0,244.0
5bf368846edd7200017136c7,image-to-prompt,1,5,2,"Draw a photo of a river with ducks, trees, clouds, foliage, a sunny day.","[18,23];[29,58];[62,67]","[7,13]",35,1755624894231,1755624894360,",",188, weekly, physical-keyboard,34,1,0,1,129.0,115.0,120.0,263.0
5bf368846edd7200017136c7,image-to-prompt,1,5,2,"Draw a photo of a river with ducks, trees, clouds, foliage, a sunny day.","[18,23];[29,58];[62,67]","[7,13]",36,1755624894334,1755624894494, ,32, weekly, physical-keyboard,35,1,0,0,160.0,103.0,134.0,367.0
5bf368846edd7200017136c7,image-to-prompt,1,5,2,"Draw a photo of a river with ducks, trees, clouds, foliage, a sunny day.","[18,23];[29,58];[62,67]","[7,13]",37,1755624894606,1755624894701,t,84, weekly, physical-keyboard,36,1,0,1,95.0,272.0,207.0,307.0
5bf368846edd7200017136c7,image-to-prompt,1,5,2,"Draw a photo of a river with ducks, trees, clouds, foliage, a sunny day.","[18,23];[29,58];[62,67]","[7,13]",38,1755624894788,1755624894913,r,82, weekly, physical-keyboard,37,1,0,1,125.0,182.0,212.0,201.0
5bf368846edd7200017136c7,image-to-prompt,1,5,2,"Draw a photo of a river with ducks, trees, clouds, foliage, a sunny day.","[18,23];[29,58];[62,67]","[7,13]",39,1755624894864,1755624894989,e,69, weekly, physical-keyboard,38,1,0,1,125.0,76.0,76.0,257.0
5bf368846edd7200017136c7,image-to-prompt,1,5,2,"Draw a photo of a river with ducks, trees, clouds, foliage, a sunny day.","[18,23];[29,58];[62,67]","[7,13]",40,1755624895028,1755624895121,s,83, weekly, physical-keyboard,39,1,0,1,93.0,164.0,132.0,600.0
5bf368846edd7200017136c7,image-to-prompt,1,5,2,"Draw a photo of a river with ducks, trees, clouds, foliage, a sunny day.","[18,23];[29,58];[62,67]","[7,13]",41,1755624895521,1755624895628,Backspace,8, weekly, physical-keyboard,39,1,0,1,107.0,493.0,507.0,378.0
5bf368846edd7200017136c7,image-to-prompt,1,5,2,"Draw a photo of a river with ducks, trees, clouds, foliage, a sunny day.","[18,23];[29,58];[62,67]","[7,13]",42,1755624895723,1755624895899,e,69, weekly, physical-keyboard,39,1,0,1,176.0,202.0,271.0,282.0
5bf368846edd7200017136c7,image-to-prompt,1,5,2,"Draw a photo of a river with ducks, trees, clouds, foliage, a sunny day.","[18,23];[29,58];[62,67]","[7,13]",43,1755624895818,1755624896005,s,83, weekly, physical-keyboard,40,1,0,1,187.0,95.0,106.0,390.0
5bf368846edd7200017136c7,image-to-prompt,1,5,2,"Draw a photo of a river with ducks, trees, clouds, foliage, a sunny day.","[18,23];[29,58];[62,67]","[7,13]",44,1755624896111,1755624896208,",",188, weekly, physical-keyboard,41,1,0,1,97.0,293.0,203.0,415.0
5bf368846edd7200017136c7,image-to-prompt,1,5,2,"Draw a photo of a river with ducks, trees, clouds, foliage, a sunny day.","[18,23];[29,58];[62,67]","[7,13]",45,1755624896411,1755624896526, ,32, weekly, physical-keyboard,42,1,0,0,115.0,300.0,318.0,345.0
5bf368846edd7200017136c7,image-to-prompt,1,5,2,"Draw a photo of a river with ducks, trees, clouds, foliage, a sunny day.","[18,23];[29,58];[62,67]","[7,13]",46,1755624896633,1755624896756,c,67, weekly, physical-keyboard,43,1,0,1,123.0,222.0,230.0,121.0
5bf368846edd7200017136c7,image-to-prompt,1,5,2,"Draw a photo of a river with ducks, trees, clouds, foliage, a sunny day.","[18,23];[29,58];[62,67]","[7,13]",47,1755624896676,1755624896754,l,76, weekly, physical-keyboard,44,1,0,1,78.0,43.0,,269.0
5bf368846edd7200017136c7,image-to-prompt,1,5,2,"Draw a photo of a river with ducks, trees, clouds, foliage, a sunny day.","[18,23];[29,58];[62,67]","[7,13]",48,1755624896831,1755624896945,o,79, weekly, physical-keyboard,45,1,0,1,114.0,155.0,191.0,204.0
5bf368846edd7200017136c7,image-to-prompt,1,5,2,"Draw a photo of a river with ducks, trees, clouds, foliage, a sunny day.","[18,23];[29,58];[62,67]","[7,13]",49,1755624896906,1755624897035,u,85, weekly, physical-keyboard,46,1,0,1,129.0,75.0,90.0,276.0
5bf368846edd7200017136c7,image-to-prompt,1,5,2,"Draw a photo of a river with ducks, trees, clouds, foliage, a sunny day.","[18,23];[29,58];[62,67]","[7,13]",50,1755624897058,1755624897182,d,68, weekly, physical-keyboard,47,1,0,1,124.0,152.0,147.0,478.0
5bf368846edd7200017136c7,image-to-prompt,1,5,2,"Draw a photo of a river with ducks, trees, clouds, foliage, a sunny day.","[18,23];[29,58];[62,67]","[7,13]",51,1755624897394,1755624897536,s,83, weekly, physical-keyboard,48,1,0,1,142.0,336.0,354.0,1145.0
5bf368846edd7200017136c7,image-to-prompt,1,5,2,"Draw a photo of a river with ducks, trees, clouds, foliage, a sunny day.","[18,23];[29,58];[62,67]","[7,13]",52,1755624898397,1755624898539,",",188, weekly, physical-keyboard,49,1,0,1,142.0,1002.9999999999999,1002.9999999999999,512.0
5bf368846edd7200017136c7,image-to-prompt,1,5,2,"Draw a photo of a river with ducks, trees, clouds, foliage, a sunny day.","[18,23];[29,58];[62,67]","[7,13]",53,1755624898772,1755624898909, ,32, weekly, physical-keyboard,50,1,0,0,137.0,375.0,370.0,273.0
5bf368846edd7200017136c7,image-to-prompt,1,5,2,"Draw a photo of a river with ducks, trees, clouds, foliage, a sunny day.","[18,23];[29,58];[62,67]","[7,13]",54,1755624898896,1755624899045,f,70, weekly, physical-keyboard,51,1,0,1,149.0,124.0,136.0,194.0
5bf368846edd7200017136c7,image-to-prompt,1,5,2,"Draw a photo of a river with ducks, trees, clouds, foliage, a sunny day.","[18,23];[29,58];[62,67]","[7,13]",55,1755624898977,1755624899090,o,79, weekly, physical-keyboard,52,1,0,1,113.0,81.0,45.0,304.0
5bf368846edd7200017136c7,image-to-prompt,1,5,2,"Draw a photo of a river with ducks, trees, clouds, foliage, a sunny day.","[18,23];[29,58];[62,67]","[7,13]",56,1755624899168,1755624899281,l,76, weekly, physical-keyboard,53,1,0,1,113.0,191.0,191.0,227.0
5bf368846edd7200017136c7,image-to-prompt,1,5,2,"Draw a photo of a river with ducks, trees, clouds, foliage, a sunny day.","[18,23];[29,58];[62,67]","[7,13]",57,1755624899225,1755624899395,i,73, weekly, physical-keyboard,54,1,0,1,170.0,57.0,114.0,308.0
5bf368846edd7200017136c7,image-to-prompt,1,5,2,"Draw a photo of a river with ducks, trees, clouds, foliage, a sunny day.","[18,23];[29,58];[62,67]","[7,13]",58,1755624899391,1755624899533,a,65, weekly, physical-keyboard,55,1,0,1,142.0,166.0,138.0,203.0
5bf368846edd7200017136c7,image-to-prompt,1,5,2,"Draw a photo of a river with ducks, trees, clouds, foliage, a sunny day.","[18,23];[29,58];[62,67]","[7,13]",59,1755624899498,1755624899594,g,71, weekly, physical-keyboard,56,1,0,1,96.0,107.0,61.0,282.0
5bf368846edd7200017136c7,image-to-prompt,1,5,2,"Draw a photo of a river with ducks, trees, clouds, foliage, a sunny day.","[18,23];[29,58];[62,67]","[7,13]",60,1755624899648,1755624899780,e,69, weekly, physical-keyboard,57,1,0,1,132.0,150.0,186.0,264.0
5bf368846edd7200017136c7,image-to-prompt,1,5,2,"Draw a photo of a river with ducks, trees, clouds, foliage, a sunny day.","[18,23];[29,58];[62,67]","[7,13]",61,1755624899796,1755624899912,",",188, weekly, physical-keyboard,58,1,0,1,116.0,148.0,132.0,343.0
5bf368846edd7200017136c7,image-to-prompt,1,5,2,"Draw a photo of a river with ducks, trees, clouds, foliage, a sunny day.","[18,23];[29,58];[62,67]","[7,13]",62,1755624899984,1755624900139, ,32, weekly, physical-keyboard,59,0,0,0,155.0,188.0,227.0,342.0
5bf368846edd7200017136c7,image-to-prompt,1,5,2,"Draw a photo of a river with ducks, trees, clouds, foliage, a sunny day.","[18,23];[29,58];[62,67]","[7,13]",63,1755624900152,1755624900326,a,65, weekly, physical-keyboard,60,0,0,1,174.0,168.0,187.0,450.0
5bf368846edd7200017136c7,image-to-prompt,1,5,2,"Draw a photo of a river with ducks, trees, clouds, foliage, a sunny day.","[18,23];[29,58];[62,67]","[7,13]",64,1755624900472,1755624900602, ,32, weekly, physical-keyboard,61,0,0,0,130.0,320.0,276.0,1438.0
5bf368846edd7200017136c7,image-to-prompt,1,5,2,"Draw a photo of a river with ducks, trees, clouds, foliage, a sunny day.","[18,23];[29,58];[62,67]","[7,13]",65,1755624901765,1755624901910,s,83, weekly, physical-keyboard,62,1,0,1,145.0,1293.0,1308.0,248.0
5bf368846edd7200017136c7,image-to-prompt,1,5,2,"Draw a photo of a river with ducks, trees, clouds, foliage, a sunny day.","[18,23];[29,58];[62,67]","[7,13]",66,1755624901930,1755624902013,u,85, weekly, physical-keyboard,63,1,0,1,83.0,165.0,103.0,268.0
5bf368846edd7200017136c7,image-to-prompt,1,5,2,"Draw a photo of a river with ducks, trees, clouds, foliage, a sunny day.","[18,23];[29,58];[62,67]","[7,13]",67,1755624902124,1755624902198,n,78, weekly, physical-keyboard,64,1,0,1,74.0,194.0,185.0,220.0
5bf368846edd7200017136c7,image-to-prompt,1,5,2,"Draw a photo of a river with ducks, trees, clouds, foliage, a sunny day.","[18,23];[29,58];[62,67]","[7,13]",68,1755624902260,1755624902344,n,78, weekly, physical-keyboard,65,1,0,1,84.0,136.0,146.0,302.0
5bf368846edd7200017136c7,image-to-prompt,1,5,2,"Draw a photo of a river with ducks, trees, clouds, foliage, a sunny day.","[18,23];[29,58];[62,67]","[7,13]",69,1755624902459,1755624902562,y,89, weekly, physical-keyboard,66,1,0,1,103.0,199.0,218.0,209.0
5bf368846edd7200017136c7,image-to-prompt,1,5,2,"Draw a photo of a river with ducks, trees, clouds, foliage, a sunny day.","[18,23];[29,58];[62,67]","[7,13]",70,1755624902533,1755624902668, ,32, weekly, physical-keyboard,67,1,0,0,135.0,74.0,106.0,344.0
5bf368846edd7200017136c7,image-to-prompt,1,5,2,"Draw a photo of a river with ducks, trees, clouds, foliage, a sunny day.","[18,23];[29,58];[62,67]","[7,13]",71,1755624902740,1755624902877,d,68, weekly, physical-keyboard,68,0,0,1,137.0,207.0,209.0,269.0
5bf368846edd7200017136c7,image-to-prompt,1,5,2,"Draw a photo of a river with ducks, trees, clouds, foliage, a sunny day.","[18,23];[29,58];[62,67]","[7,13]",72,1755624902851,1755624903009,a,65, weekly, physical-keyboard,69,0,0,1,158.0,111.0,132.0,214.0
5bf368846edd7200017136c7,image-to-prompt,1,5,2,"Draw a photo of a river with ducks, trees, clouds, foliage, a sunny day.","[18,23];[29,58];[62,67]","[7,13]",73,1755624902954,1755624903065,y,89, weekly, physical-keyboard,70,0,0,1,111.0,103.0,56.0,377.0
5bf368846edd7200017136c7,image-to-prompt,1,5,2,"Draw a photo of a river with ducks, trees, clouds, foliage, a sunny day.","[18,23];[29,58];[62,67]","[7,13]",74,1755624903241,1755624903331,.,190, weekly, physical-keyboard,71,0,0,1,90.0,287.0,266.0,
