PARTICIPANT_ID,EXPERIMENTTYPE,EXPERIMENTATTEMPT,TOTALATTEMPTCOUNT,LATINSQUARETYPE,PROMPT,CONFIDENT,UNCONFIDENT,KEYSTROKE_ID,PRESS_TIME,RELEASE_TIME,LETTER,KEYCODE,FREQUENCY,INPUTMETHOD,PROMPT_CHAR,CONFIDENT_MARKED_CHAR,UNCONFIDENT_MARKED_CHAR,WORD,D1U1,D1D2,U1U2,D1U2
67356f7cf6ff16fe3322a837,prompt-to-image,1,7,4,create an image showing a woman walking down a tokyo street,"[0,42]","[47,60]",0,1756242661711,1756242661801,c,67, daily, physical-keyboard,0,1,0,1,90.0,,,352.0
67356f7cf6ff16fe3322a837,prompt-to-image,1,7,4,create an image showing a woman walking down a tokyo street,"[0,42]","[47,60]",1,1756242661972,1756242662063,r,82, daily, physical-keyboard,1,1,0,1,91.0,261.0,262.0,312.0
67356f7cf6ff16fe3322a837,prompt-to-image,1,7,4,create an image showing a woman walking down a tokyo street,"[0,42]","[47,60]",2,1756242662174,1756242662284,e,69, daily, physical-keyboard,2,1,0,1,110.0,202.0,221.0,422.0
67356f7cf6ff16fe3322a837,prompt-to-image,1,7,4,create an image showing a woman walking down a tokyo street,"[0,42]","[47,60]",3,1756242662445,1756242662596,a,65, daily, physical-keyboard,3,1,0,1,151.0,271.0,312.0,272.0
67356f7cf6ff16fe3322a837,prompt-to-image,1,7,4,create an image showing a woman walking down a tokyo street,"[0,42]","[47,60]",4,1756242662616,1756242662717,t,84, daily, physical-keyboard,4,1,0,1,101.0,171.0,121.0,293.0
67356f7cf6ff16fe3322a837,prompt-to-image,1,7,4,create an image showing a woman walking down a tokyo street,"[0,42]","[47,60]",5,1756242662766,1756242662909,e,69, daily, physical-keyboard,5,1,0,1,143.0,150.0,192.0,363.0
67356f7cf6ff16fe3322a837,prompt-to-image,1,7,4,create an image showing a woman walking down a tokyo street,"[0,42]","[47,60]",6,1756242662969,1756242663129, ,32, daily, physical-keyboard,6,1,0,0,160.0,203.0,220.0,434.0
67356f7cf6ff16fe3322a837,prompt-to-image,1,7,4,create an image showing a woman walking down a tokyo street,"[0,42]","[47,60]",7,1756242663230,1756242663403,a,65, daily, physical-keyboard,7,1,0,1,173.0,261.0,274.0,434.0
67356f7cf6ff16fe3322a837,prompt-to-image,1,7,4,create an image showing a woman walking down a tokyo street,"[0,42]","[47,60]",8,1756242663582,1756242663664,n,78, daily, physical-keyboard,8,1,0,1,82.0,352.0,261.0,333.0
67356f7cf6ff16fe3322a837,prompt-to-image,1,7,4,create an image showing a woman walking down a tokyo street,"[0,42]","[47,60]",9,1756242663753,1756242663915, ,32, daily, physical-keyboard,9,1,0,0,162.0,171.0,251.0,564.0
67356f7cf6ff16fe3322a837,prompt-to-image,1,7,4,create an image showing a woman walking down a tokyo street,"[0,42]","[47,60]",10,1756242664257,1756242664317,i,73, daily, physical-keyboard,10,1,0,1,60.0,504.0,402.0,412.0
67356f7cf6ff16fe3322a837,prompt-to-image,1,7,4,create an image showing a woman walking down a tokyo street,"[0,42]","[47,60]",11,1756242664569,1756242664669,m,77, daily, physical-keyboard,11,1,0,1,100.0,312.0,352.0,463.0
67356f7cf6ff16fe3322a837,prompt-to-image,1,7,4,create an image showing a woman walking down a tokyo street,"[0,42]","[47,60]",12,1756242664869,1756242665032,a,65, daily, physical-keyboard,12,1,0,1,163.0,300.0,363.0,344.0
67356f7cf6ff16fe3322a837,prompt-to-image,1,7,4,create an image showing a woman walking down a tokyo street,"[0,42]","[47,60]",13,1756242665082,1756242665213,g,71, daily, physical-keyboard,13,1,0,1,131.0,213.0,181.0,454.0
67356f7cf6ff16fe3322a837,prompt-to-image,1,7,4,create an image showing a woman walking down a tokyo street,"[0,42]","[47,60]",14,1756242665313,1756242665536,e,69, daily, physical-keyboard,14,1,0,1,223.0,231.0,323.0,2820.0
67356f7cf6ff16fe3322a837,prompt-to-image,1,7,4,create an image showing a woman walking down a tokyo street,"[0,42]","[47,60]",15,1756242667992,1756242668133, ,32, daily, physical-keyboard,15,1,0,0,141.0,2679.0,2597.0,987.0
67356f7cf6ff16fe3322a837,prompt-to-image,1,7,4,create an image showing a woman walking down a tokyo street,"[0,42]","[47,60]",16,1756242668886,1756242668979,o,79, daily, physical-keyboard,16,1,0,1,93.0,894.0,846.0,687.0
67356f7cf6ff16fe3322a837,prompt-to-image,1,7,4,create an image showing a woman walking down a tokyo street,"[0,42]","[47,60]",17,1756242669391,1756242669573,f,70, daily, physical-keyboard,16,1,0,1,182.0,505.0,594.0,2084.0
67356f7cf6ff16fe3322a837,prompt-to-image,1,7,4,create an image showing a woman walking down a tokyo street,"[0,42]","[47,60]",18,1756242671393,1756242671475,Backspace,8, daily, physical-keyboard,16,1,0,1,82.0,2001.9999999999998,1902.0,263.0
67356f7cf6ff16fe3322a837,prompt-to-image,1,7,4,create an image showing a woman walking down a tokyo street,"[0,42]","[47,60]",19,1756242671575,1756242671656,Backspace,8, daily, physical-keyboard,16,1,0,1,81.0,182.0,181.0,957.0
67356f7cf6ff16fe3322a837,prompt-to-image,1,7,4,create an image showing a woman walking down a tokyo street,"[0,42]","[47,60]",20,1756242672400,1756242672532,s,83, daily, physical-keyboard,16,1,0,1,132.0,825.0,876.0,283.0
67356f7cf6ff16fe3322a837,prompt-to-image,1,7,4,create an image showing a woman walking down a tokyo street,"[0,42]","[47,60]",21,1756242672612,1756242672683,h,72, daily, physical-keyboard,17,1,0,1,71.0,212.0,151.0,412.0
67356f7cf6ff16fe3322a837,prompt-to-image,1,7,4,create an image showing a woman walking down a tokyo street,"[0,42]","[47,60]",22,1756242672964,1756242673024,p,80, daily, physical-keyboard,18,1,0,1,60.0,352.0,341.0,796.0
67356f7cf6ff16fe3322a837,prompt-to-image,1,7,4,create an image showing a woman walking down a tokyo street,"[0,42]","[47,60]",23,1756242673670,1756242673760,Backspace,8, daily, physical-keyboard,18,1,0,1,90.0,706.0,736.0,412.0
67356f7cf6ff16fe3322a837,prompt-to-image,1,7,4,create an image showing a woman walking down a tokyo street,"[0,42]","[47,60]",24,1756242673890,1756242674082,w,87, daily, physical-keyboard,18,1,0,1,192.0,220.0,322.0,700.0
67356f7cf6ff16fe3322a837,prompt-to-image,1,7,4,create an image showing a woman walking down a tokyo street,"[0,42]","[47,60]",25,1756242674475,1756242674590,i,73, daily, physical-keyboard,18,1,0,1,115.0,585.0,508.0,1108.0
67356f7cf6ff16fe3322a837,prompt-to-image,1,7,4,create an image showing a woman walking down a tokyo street,"[0,42]","[47,60]",26,1756242675512,1756242675583,Backspace,8, daily, physical-keyboard,18,1,0,1,71.0,1037.0,993.0,855.0
67356f7cf6ff16fe3322a837,prompt-to-image,1,7,4,create an image showing a woman walking down a tokyo street,"[0,42]","[47,60]",27,1756242676286,1756242676367,o,79, daily, physical-keyboard,18,1,0,1,81.0,774.0,784.0,373.0
67356f7cf6ff16fe3322a837,prompt-to-image,1,7,4,create an image showing a woman walking down a tokyo street,"[0,42]","[47,60]",28,1756242676488,1756242676659,w,87, daily, physical-keyboard,18,1,0,1,171.0,202.0,292.0,272.0
67356f7cf6ff16fe3322a837,prompt-to-image,1,7,4,create an image showing a woman walking down a tokyo street,"[0,42]","[47,60]",29,1756242676699,1756242676760,n,78, daily, physical-keyboard,18,1,0,1,61.0,211.0,101.0,442.0
67356f7cf6ff16fe3322a837,prompt-to-image,1,7,4,create an image showing a woman walking down a tokyo street,"[0,42]","[47,60]",30,1756242677080,1756242677141,i,73, daily, physical-keyboard,18,1,0,1,61.0,381.0,381.0,504.0
67356f7cf6ff16fe3322a837,prompt-to-image,1,7,4,create an image showing a woman walking down a tokyo street,"[0,42]","[47,60]",31,1756242677483,1756242677584,g,71, daily, physical-keyboard,18,1,0,1,101.0,403.0,443.0,1016.9999999999999
67356f7cf6ff16fe3322a837,prompt-to-image,1,7,4,create an image showing a woman walking down a tokyo street,"[0,42]","[47,60]",32,1756242678408,1756242678500,n,78, daily, physical-keyboard,18,1,0,1,92.0,925.0,916.0,544.0
67356f7cf6ff16fe3322a837,prompt-to-image,1,7,4,create an image showing a woman walking down a tokyo street,"[0,42]","[47,60]",33,1756242678870,1756242678952,Backspace,8, daily, physical-keyboard,18,1,0,1,82.0,462.0,452.0,263.0
67356f7cf6ff16fe3322a837,prompt-to-image,1,7,4,create an image showing a woman walking down a tokyo street,"[0,42]","[47,60]",34,1756242679063,1756242679133,Backspace,8, daily, physical-keyboard,18,1,0,1,70.0,193.0,181.0,231.0
67356f7cf6ff16fe3322a837,prompt-to-image,1,7,4,create an image showing a woman walking down a tokyo street,"[0,42]","[47,60]",35,1756242679213,1756242679294,Backspace,8, daily, physical-keyboard,18,1,0,1,81.0,150.0,161.0,254.0
67356f7cf6ff16fe3322a837,prompt-to-image,1,7,4,create an image showing a woman walking down a tokyo street,"[0,42]","[47,60]",36,1756242679394,1756242679467,Backspace,8, daily, physical-keyboard,18,1,0,1,73.0,181.0,173.0,223.0
67356f7cf6ff16fe3322a837,prompt-to-image,1,7,4,create an image showing a woman walking down a tokyo street,"[0,42]","[47,60]",37,1756242679546,1756242679617,Backspace,8, daily, physical-keyboard,18,1,0,1,71.0,152.0,150.0,256.0
67356f7cf6ff16fe3322a837,prompt-to-image,1,7,4,create an image showing a woman walking down a tokyo street,"[0,42]","[47,60]",38,1756242679717,1756242679802,Backspace,8, daily, physical-keyboard,18,1,0,1,85.0,171.0,185.0,654.0
67356f7cf6ff16fe3322a837,prompt-to-image,1,7,4,create an image showing a woman walking down a tokyo street,"[0,42]","[47,60]",39,1756242680280,1756242680371,Backspace,8, daily, physical-keyboard,18,1,0,1,91.0,563.0,569.0,413.0
67356f7cf6ff16fe3322a837,prompt-to-image,1,7,4,create an image showing a woman walking down a tokyo street,"[0,42]","[47,60]",40,1756242680622,1756242680693,o,79, daily, physical-keyboard,18,1,0,1,71.0,342.0,322.0,574.0
67356f7cf6ff16fe3322a837,prompt-to-image,1,7,4,create an image showing a woman walking down a tokyo street,"[0,42]","[47,60]",41,1756242681015,1756242681196,w,87, daily, physical-keyboard,19,1,0,1,181.0,393.0,503.0,1126.0
67356f7cf6ff16fe3322a837,prompt-to-image,1,7,4,create an image showing a woman walking down a tokyo street,"[0,42]","[47,60]",42,1756242682051,1756242682141,i,73, daily, physical-keyboard,20,1,0,1,90.0,1036.0,945.0,363.0
67356f7cf6ff16fe3322a837,prompt-to-image,1,7,4,create an image showing a woman walking down a tokyo street,"[0,42]","[47,60]",43,1756242682333,1756242682414,n,78, daily, physical-keyboard,21,1,0,1,81.0,282.0,273.0,343.0
67356f7cf6ff16fe3322a837,prompt-to-image,1,7,4,create an image showing a woman walking down a tokyo street,"[0,42]","[47,60]",44,1756242682556,1756242682676,g,71, daily, physical-keyboard,22,1,0,1,120.0,223.0,262.0,260.0
67356f7cf6ff16fe3322a837,prompt-to-image,1,7,4,create an image showing a woman walking down a tokyo street,"[0,42]","[47,60]",45,1756242682726,1756242682816, ,32, daily, physical-keyboard,23,1,0,0,90.0,170.0,140.0,484.0
67356f7cf6ff16fe3322a837,prompt-to-image,1,7,4,create an image showing a woman walking down a tokyo street,"[0,42]","[47,60]",46,1756242683017,1756242683210,a,65, daily, physical-keyboard,24,1,0,1,193.0,291.0,394.0,373.0
67356f7cf6ff16fe3322a837,prompt-to-image,1,7,4,create an image showing a woman walking down a tokyo street,"[0,42]","[47,60]",47,1756242683213,1756242683390, ,32, daily, physical-keyboard,25,1,0,0,177.0,196.0,180.0,1145.0
67356f7cf6ff16fe3322a837,prompt-to-image,1,7,4,create an image showing a woman walking down a tokyo street,"[0,42]","[47,60]",48,1756242684227,1756242684358,w,87, daily, physical-keyboard,26,1,0,1,131.0,1014.0,968.0,252.0
67356f7cf6ff16fe3322a837,prompt-to-image,1,7,4,create an image showing a woman walking down a tokyo street,"[0,42]","[47,60]",49,1756242684398,1756242684479,o,79, daily, physical-keyboard,27,1,0,1,81.0,171.0,121.0,362.0
67356f7cf6ff16fe3322a837,prompt-to-image,1,7,4,create an image showing a woman walking down a tokyo street,"[0,42]","[47,60]",50,1756242684679,1756242684760,m,77, daily, physical-keyboard,28,1,0,1,81.0,281.0,281.0,292.0
67356f7cf6ff16fe3322a837,prompt-to-image,1,7,4,create an image showing a woman walking down a tokyo street,"[0,42]","[47,60]",51,1756242684819,1756242684971,a,65, daily, physical-keyboard,29,1,0,1,152.0,140.0,211.0,213.0
67356f7cf6ff16fe3322a837,prompt-to-image,1,7,4,create an image showing a woman walking down a tokyo street,"[0,42]","[47,60]",52,1756242684975,1756242685032,n,78, daily, physical-keyboard,30,1,0,1,57.0,156.0,61.0,318.0
67356f7cf6ff16fe3322a837,prompt-to-image,1,7,4,create an image showing a woman walking down a tokyo street,"[0,42]","[47,60]",53,1756242685191,1756242685293, ,32, daily, physical-keyboard,31,1,0,0,102.0,216.0,261.0,596.0
67356f7cf6ff16fe3322a837,prompt-to-image,1,7,4,create an image showing a woman walking down a tokyo street,"[0,42]","[47,60]",54,1756242685686,1756242685787,w,87, daily, physical-keyboard,32,1,0,1,101.0,495.0,494.0,432.0
67356f7cf6ff16fe3322a837,prompt-to-image,1,7,4,create an image showing a woman walking down a tokyo street,"[0,42]","[47,60]",55,1756242685957,1756242686118,a,65, daily, physical-keyboard,33,1,0,1,161.0,271.0,331.0,191.0
67356f7cf6ff16fe3322a837,prompt-to-image,1,7,4,create an image showing a woman walking down a tokyo street,"[0,42]","[47,60]",56,1756242686058,1756242686148,l,76, daily, physical-keyboard,34,1,0,1,90.0,101.0,30.0,292.0
67356f7cf6ff16fe3322a837,prompt-to-image,1,7,4,create an image showing a woman walking down a tokyo street,"[0,42]","[47,60]",57,1756242686289,1756242686350,k,75, daily, physical-keyboard,35,1,0,1,61.0,231.0,202.0,232.0
67356f7cf6ff16fe3322a837,prompt-to-image,1,7,4,create an image showing a woman walking down a tokyo street,"[0,42]","[47,60]",58,1756242686471,1756242686521,i,73, daily, physical-keyboard,36,1,0,1,50.0,182.0,171.0,331.0
67356f7cf6ff16fe3322a837,prompt-to-image,1,7,4,create an image showing a woman walking down a tokyo street,"[0,42]","[47,60]",59,1756242686731,1756242686802,n,78, daily, physical-keyboard,37,1,0,1,71.0,260.0,281.0,314.0
67356f7cf6ff16fe3322a837,prompt-to-image,1,7,4,create an image showing a woman walking down a tokyo street,"[0,42]","[47,60]",60,1756242686922,1756242687045,g,71, daily, physical-keyboard,38,1,0,1,123.0,191.0,243.0,334.0
67356f7cf6ff16fe3322a837,prompt-to-image,1,7,4,create an image showing a woman walking down a tokyo street,"[0,42]","[47,60]",61,1756242687164,1756242687256, ,32, daily, physical-keyboard,39,1,0,0,92.0,242.0,211.0,434.0
67356f7cf6ff16fe3322a837,prompt-to-image,1,7,4,create an image showing a woman walking down a tokyo street,"[0,42]","[47,60]",62,1756242687477,1756242687598,d,68, daily, physical-keyboard,40,1,0,1,121.0,313.0,342.0,342.0
67356f7cf6ff16fe3322a837,prompt-to-image,1,7,4,create an image showing a woman walking down a tokyo street,"[0,42]","[47,60]",63,1756242687738,1756242687819,o,79, daily, physical-keyboard,41,1,0,1,81.0,261.0,221.0,262.0
67356f7cf6ff16fe3322a837,prompt-to-image,1,7,4,create an image showing a woman walking down a tokyo street,"[0,42]","[47,60]",64,1756242687848,1756242688000,w,87, daily, physical-keyboard,42,1,0,1,152.0,110.0,181.0,313.0
67356f7cf6ff16fe3322a837,prompt-to-image,1,7,4,create an image showing a woman walking down a tokyo street,"[0,42]","[47,60]",65,1756242688110,1756242688161,n,78, daily, physical-keyboard,43,0,0,1,51.0,262.0,161.0,302.0
67356f7cf6ff16fe3322a837,prompt-to-image,1,7,4,create an image showing a woman walking down a tokyo street,"[0,42]","[47,60]",66,1756242688291,1756242688412, ,32, daily, physical-keyboard,44,0,0,0,121.0,181.0,251.0,354.0
67356f7cf6ff16fe3322a837,prompt-to-image,1,7,4,create an image showing a woman walking down a tokyo street,"[0,42]","[47,60]",67,1756242688504,1756242688645,a,65, daily, physical-keyboard,45,0,0,1,141.0,213.0,233.0,331.0
67356f7cf6ff16fe3322a837,prompt-to-image,1,7,4,create an image showing a woman walking down a tokyo street,"[0,42]","[47,60]",68,1756242688685,1756242688835, ,32, daily, physical-keyboard,46,0,0,0,150.0,181.0,190.0,1016.0
67356f7cf6ff16fe3322a837,prompt-to-image,1,7,4,create an image showing a woman walking down a tokyo street,"[0,42]","[47,60]",69,1756242689590,1756242689701,t,84, daily, physical-keyboard,47,0,1,1,111.0,905.0,866.0,311.0
67356f7cf6ff16fe3322a837,prompt-to-image,1,7,4,create an image showing a woman walking down a tokyo street,"[0,42]","[47,60]",70,1756242689841,1756242689901,o,79, daily, physical-keyboard,48,0,1,1,60.0,251.0,200.0,374.0
67356f7cf6ff16fe3322a837,prompt-to-image,1,7,4,create an image showing a woman walking down a tokyo street,"[0,42]","[47,60]",71,1756242690143,1756242690215,k,75, daily, physical-keyboard,49,0,1,1,72.0,302.0,314.0,494.0
67356f7cf6ff16fe3322a837,prompt-to-image,1,7,4,create an image showing a woman walking down a tokyo street,"[0,42]","[47,60]",72,1756242690576,1756242690637,y,89, daily, physical-keyboard,50,0,1,1,61.0,433.0,422.0,372.0
67356f7cf6ff16fe3322a837,prompt-to-image,1,7,4,create an image showing a woman walking down a tokyo street,"[0,42]","[47,60]",73,1756242690877,1756242690948,o,79, daily, physical-keyboard,51,0,1,1,71.0,301.0,311.0,384.0
67356f7cf6ff16fe3322a837,prompt-to-image,1,7,4,create an image showing a woman walking down a tokyo street,"[0,42]","[47,60]",74,1756242691098,1756242691261, ,32, daily, physical-keyboard,52,0,1,0,163.0,221.0,313.0,3101.0
67356f7cf6ff16fe3322a837,prompt-to-image,1,7,4,create an image showing a woman walking down a tokyo street,"[0,42]","[47,60]",75,1756242694028,1756242694199,s,83, daily, physical-keyboard,53,0,1,1,171.0,2930.0,2938.0,535.0
67356f7cf6ff16fe3322a837,prompt-to-image,1,7,4,create an image showing a woman walking down a tokyo street,"[0,42]","[47,60]",76,1756242694492,1756242694563,t,84, daily, physical-keyboard,54,0,1,1,71.0,464.0,364.0,472.0
67356f7cf6ff16fe3322a837,prompt-to-image,1,7,4,create an image showing a woman walking down a tokyo street,"[0,42]","[47,60]",77,1756242694893,1756242694964,r,82, daily, physical-keyboard,55,0,1,1,71.0,401.0,401.0,302.0
67356f7cf6ff16fe3322a837,prompt-to-image,1,7,4,create an image showing a woman walking down a tokyo street,"[0,42]","[47,60]",78,1756242695064,1756242695195,e,69, daily, physical-keyboard,56,0,1,1,131.0,171.0,231.0,403.0
67356f7cf6ff16fe3322a837,prompt-to-image,1,7,4,create an image showing a woman walking down a tokyo street,"[0,42]","[47,60]",79,1756242695266,1756242695467,e,69, daily, physical-keyboard,57,0,1,1,201.0,202.0,272.0,272.0
67356f7cf6ff16fe3322a837,prompt-to-image,1,7,4,create an image showing a woman walking down a tokyo street,"[0,42]","[47,60]",80,1756242695470,1756242695538,t,84, daily, physical-keyboard,58,0,1,1,68.0,204.0,71.0,138.0
67356f7cf6ff16fe3322a837,prompt-to-image,1,7,4,create an image showing a woman walking down a tokyo street,"[0,42]","[47,60]",81,1756242695568,1756242695608,t,84, daily, physical-keyboard,58,0,1,1,40.0,98.0,70.0,816.0
67356f7cf6ff16fe3322a837,prompt-to-image,1,7,4,create an image showing a woman walking down a tokyo street,"[0,42]","[47,60]",82,1756242696353,1756242696384,Backspace,8, daily, physical-keyboard,58,0,1,1,31.0,785.0,776.0,1319.0
67356f7cf6ff16fe3322a837,prompt-to-image,1,7,4,create an image showing a woman walking down a tokyo street,"[0,42]","[47,60]",83,1756242697501,1756242697672, ,32, daily, physical-keyboard,58,0,1,1,171.0,1148.0,1288.0,
