PARTICIPANT_ID,EXPERIMENTTYPE,EXPERIMENTATTEMPT,TOTALATTEMPTCOUNT,LATINSQUARETYPE,PROMPT,CONFIDENT,UNCONFIDENT,KEYSTROKE_ID,PRESS_TIME,RELEASE_TIME,LETTER,KEYCODE,FREQUENCY,INPUTMETHOD,PROMPT_CHAR,CONFIDENT_MARKED_CHAR,UNCONFIDENT_MARKED_CHAR,WORD,D1U1,D1D2,U1U2,D1U2
663068f52490bf6d13f95968,prompt-to-text,0,0,3,Whats the advantage of using gym compared to doing work out at home?,"[10,67]","[0,5]",0,1756263622804,1756263623239,Shift,16, daily, physical-keyboard,0,0,1,1,435.0,,,517.0
663068f52490bf6d13f95968,prompt-to-text,0,0,3,Whats the advantage of using gym compared to doing work out at home?,"[10,67]","[0,5]",1,1756263623129,1756263623321,W,87, daily, physical-keyboard,0,0,1,1,192.0,325.0,82.0,440.0
663068f52490bf6d13f95968,prompt-to-text,0,0,3,Whats the advantage of using gym compared to doing work out at home?,"[10,67]","[0,5]",2,1756263623501,1756263623569,h,72, daily, physical-keyboard,1,0,1,1,68.0,372.0,248.0,245.0
663068f52490bf6d13f95968,prompt-to-text,0,0,3,Whats the advantage of using gym compared to doing work out at home?,"[10,67]","[0,5]",3,1756263623662,1756263623746,a,65, daily, physical-keyboard,2,0,1,1,84.0,161.0,177.0,159.0
663068f52490bf6d13f95968,prompt-to-text,0,0,3,Whats the advantage of using gym compared to doing work out at home?,"[10,67]","[0,5]",4,1756263623756,1756263623821,t,84, daily, physical-keyboard,3,0,1,1,65.0,94.0,75.0,284.0
663068f52490bf6d13f95968,prompt-to-text,0,0,3,Whats the advantage of using gym compared to doing work out at home?,"[10,67]","[0,5]",5,1756263623914,1756263624040, ,32, daily, physical-keyboard,4,0,1,1,126.0,158.0,219.0,257.0
663068f52490bf6d13f95968,prompt-to-text,0,0,3,Whats the advantage of using gym compared to doing work out at home?,"[10,67]","[0,5]",6,1756263624104,1756263624171,i,73, daily, physical-keyboard,4,0,1,1,67.0,190.0,131.0,223.0
663068f52490bf6d13f95968,prompt-to-text,0,0,3,Whats the advantage of using gym compared to doing work out at home?,"[10,67]","[0,5]",7,1756263624241,1756263624327,s,83, daily, physical-keyboard,4,0,1,1,86.0,137.0,156.0,264.0
663068f52490bf6d13f95968,prompt-to-text,0,0,3,Whats the advantage of using gym compared to doing work out at home?,"[10,67]","[0,5]",8,1756263624438,1756263624505, ,32, daily, physical-keyboard,4,0,1,1,67.0,197.0,178.0,1328.0
663068f52490bf6d13f95968,prompt-to-text,0,0,3,Whats the advantage of using gym compared to doing work out at home?,"[10,67]","[0,5]",9,1756263625054,1756263625766,Backspace,8, daily, physical-keyboard,4,0,1,1,712.0,616.0,1261.0,7728.0
663068f52490bf6d13f95968,prompt-to-text,0,0,3,Whats the advantage of using gym compared to doing work out at home?,"[10,67]","[0,5]",10,1756263625557,1756263632782,Backspace,8, daily, physical-keyboard,4,0,1,1,7225.0,503.0,7016.0,7387.0
663068f52490bf6d13f95968,prompt-to-text,0,0,3,Whats the advantage of using gym compared to doing work out at home?,"[10,67]","[0,5]",11,1756263625640,1756263632944,Backspace,8, daily, physical-keyboard,4,0,1,1,7304.0,83.0,162.0,7458.0
663068f52490bf6d13f95968,prompt-to-text,0,0,3,Whats the advantage of using gym compared to doing work out at home?,"[10,67]","[0,5]",12,1756263625724,1756263633098,Backspace,8, daily, physical-keyboard,4,0,1,1,7374.0,84.0,154.0,661.0
663068f52490bf6d13f95968,prompt-to-text,0,0,3,Whats the advantage of using gym compared to doing work out at home?,"[10,67]","[0,5]",13,1756263626289,1756263626385,s,83, daily, physical-keyboard,4,0,1,1,96.0,565.0,,225.0
663068f52490bf6d13f95968,prompt-to-text,0,0,3,Whats the advantage of using gym compared to doing work out at home?,"[10,67]","[0,5]",14,1756263626453,1756263626514, ,32, daily, physical-keyboard,5,0,1,0,61.0,164.0,129.0,211.0
663068f52490bf6d13f95968,prompt-to-text,0,0,3,Whats the advantage of using gym compared to doing work out at home?,"[10,67]","[0,5]",15,1756263626588,1756263626664,t,84, daily, physical-keyboard,6,0,0,1,76.0,135.0,150.0,165.0
663068f52490bf6d13f95968,prompt-to-text,0,0,3,Whats the advantage of using gym compared to doing work out at home?,"[10,67]","[0,5]",16,1756263626695,1756263626753,h,72, daily, physical-keyboard,7,0,0,1,58.0,107.0,89.0,167.0
663068f52490bf6d13f95968,prompt-to-text,0,0,3,Whats the advantage of using gym compared to doing work out at home?,"[10,67]","[0,5]",17,1756263626806,1756263626862,e,69, daily, physical-keyboard,8,0,0,1,56.0,111.0,109.0,187.0
663068f52490bf6d13f95968,prompt-to-text,0,0,3,Whats the advantage of using gym compared to doing work out at home?,"[10,67]","[0,5]",18,1756263626905,1756263626993, ,32, daily, physical-keyboard,9,0,0,0,88.0,99.0,131.0,225.0
663068f52490bf6d13f95968,prompt-to-text,0,0,3,Whats the advantage of using gym compared to doing work out at home?,"[10,67]","[0,5]",19,1756263627063,1756263627130,a,65, daily, physical-keyboard,10,1,0,1,67.0,158.0,137.0,273.0
663068f52490bf6d13f95968,prompt-to-text,0,0,3,Whats the advantage of using gym compared to doing work out at home?,"[10,67]","[0,5]",20,1756263627261,1756263627336,d,68, daily, physical-keyboard,11,1,0,1,75.0,198.0,206.0,177.0
663068f52490bf6d13f95968,prompt-to-text,0,0,3,Whats the advantage of using gym compared to doing work out at home?,"[10,67]","[0,5]",21,1756263627380,1756263627438,v,86, daily, physical-keyboard,12,1,0,1,58.0,119.0,102.0,185.0
663068f52490bf6d13f95968,prompt-to-text,0,0,3,Whats the advantage of using gym compared to doing work out at home?,"[10,67]","[0,5]",22,1756263627502,1756263627565,a,65, daily, physical-keyboard,13,1,0,1,63.0,122.0,127.0,198.0
663068f52490bf6d13f95968,prompt-to-text,0,0,3,Whats the advantage of using gym compared to doing work out at home?,"[10,67]","[0,5]",23,1756263627623,1756263627700,n,78, daily, physical-keyboard,14,1,0,1,77.0,121.0,135.0,179.0
663068f52490bf6d13f95968,prompt-to-text,0,0,3,Whats the advantage of using gym compared to doing work out at home?,"[10,67]","[0,5]",24,1756263627730,1756263627802,t,84, daily, physical-keyboard,15,1,0,1,72.0,107.0,102.0,319.0
663068f52490bf6d13f95968,prompt-to-text,0,0,3,Whats the advantage of using gym compared to doing work out at home?,"[10,67]","[0,5]",25,1756263627965,1756263628049,a,65, daily, physical-keyboard,16,1,0,1,84.0,235.0,247.0,150.0
663068f52490bf6d13f95968,prompt-to-text,0,0,3,Whats the advantage of using gym compared to doing work out at home?,"[10,67]","[0,5]",26,1756263628059,1756263628115,g,71, daily, physical-keyboard,17,1,0,1,56.0,94.0,66.0,193.0
663068f52490bf6d13f95968,prompt-to-text,0,0,3,Whats the advantage of using gym compared to doing work out at home?,"[10,67]","[0,5]",27,1756263628165,1756263628252,e,69, daily, physical-keyboard,18,1,0,1,87.0,106.0,137.0,185.0
663068f52490bf6d13f95968,prompt-to-text,0,0,3,Whats the advantage of using gym compared to doing work out at home?,"[10,67]","[0,5]",28,1756263628233,1756263628350, ,32, daily, physical-keyboard,19,1,0,0,117.0,68.0,98.0,246.0
663068f52490bf6d13f95968,prompt-to-text,0,0,3,Whats the advantage of using gym compared to doing work out at home?,"[10,67]","[0,5]",29,1756263628418,1756263628479,o,79, daily, physical-keyboard,20,1,0,1,61.0,185.0,129.0,213.0
663068f52490bf6d13f95968,prompt-to-text,0,0,3,Whats the advantage of using gym compared to doing work out at home?,"[10,67]","[0,5]",30,1756263628558,1756263628631,f,70, daily, physical-keyboard,21,1,0,1,73.0,140.0,152.0,131.0
663068f52490bf6d13f95968,prompt-to-text,0,0,3,Whats the advantage of using gym compared to doing work out at home?,"[10,67]","[0,5]",31,1756263628585,1756263628689, ,32, daily, physical-keyboard,22,1,0,0,104.0,27.0,58.0,251.0
663068f52490bf6d13f95968,prompt-to-text,0,0,3,Whats the advantage of using gym compared to doing work out at home?,"[10,67]","[0,5]",32,1756263628781,1756263628836,u,85, daily, physical-keyboard,23,1,0,1,55.0,196.0,147.0,226.0
663068f52490bf6d13f95968,prompt-to-text,0,0,3,Whats the advantage of using gym compared to doing work out at home?,"[10,67]","[0,5]",33,1756263628940,1756263629007,s,83, daily, physical-keyboard,24,1,0,1,67.0,159.0,171.0,131.0
663068f52490bf6d13f95968,prompt-to-text,0,0,3,Whats the advantage of using gym compared to doing work out at home?,"[10,67]","[0,5]",34,1756263629009,1756263629071,i,73, daily, physical-keyboard,25,1,0,1,62.0,69.0,64.0,243.0
663068f52490bf6d13f95968,prompt-to-text,0,0,3,Whats the advantage of using gym compared to doing work out at home?,"[10,67]","[0,5]",35,1756263629215,1756263629252,n,78, daily, physical-keyboard,26,1,0,1,37.0,206.0,181.0,170.0
663068f52490bf6d13f95968,prompt-to-text,0,0,3,Whats the advantage of using gym compared to doing work out at home?,"[10,67]","[0,5]",36,1756263629315,1756263629385,g,71, daily, physical-keyboard,27,1,0,1,70.0,100.0,133.0,209.0
663068f52490bf6d13f95968,prompt-to-text,0,0,3,Whats the advantage of using gym compared to doing work out at home?,"[10,67]","[0,5]",37,1756263629424,1756263629524, ,32, daily, physical-keyboard,28,1,0,0,100.0,109.0,139.0,503.0
663068f52490bf6d13f95968,prompt-to-text,0,0,3,Whats the advantage of using gym compared to doing work out at home?,"[10,67]","[0,5]",38,1756263629857,1756263629927,g,71, daily, physical-keyboard,29,1,0,1,70.0,433.0,403.0,160.0
663068f52490bf6d13f95968,prompt-to-text,0,0,3,Whats the advantage of using gym compared to doing work out at home?,"[10,67]","[0,5]",39,1756263629970,1756263630017,y,89, daily, physical-keyboard,30,1,0,1,47.0,113.0,90.0,297.0
663068f52490bf6d13f95968,prompt-to-text,0,0,3,Whats the advantage of using gym compared to doing work out at home?,"[10,67]","[0,5]",40,1756263630184,1756263630267,m,77, daily, physical-keyboard,31,1,0,1,83.0,214.0,250.0,200.0
663068f52490bf6d13f95968,prompt-to-text,0,0,3,Whats the advantage of using gym compared to doing work out at home?,"[10,67]","[0,5]",41,1756263630301,1756263630384, ,32, daily, physical-keyboard,32,1,0,0,83.0,117.0,117.0,168.0
663068f52490bf6d13f95968,prompt-to-text,0,0,3,Whats the advantage of using gym compared to doing work out at home?,"[10,67]","[0,5]",42,1756263630400,1756263630469,c,67, daily, physical-keyboard,33,1,0,1,69.0,99.0,85.0,131.0
663068f52490bf6d13f95968,prompt-to-text,0,0,3,Whats the advantage of using gym compared to doing work out at home?,"[10,67]","[0,5]",43,1756263630484,1756263630531,o,79, daily, physical-keyboard,34,1,0,1,47.0,84.0,62.0,218.0
663068f52490bf6d13f95968,prompt-to-text,0,0,3,Whats the advantage of using gym compared to doing work out at home?,"[10,67]","[0,5]",44,1756263630640,1756263630702,m,77, daily, physical-keyboard,35,1,0,1,62.0,156.0,171.0,254.0
663068f52490bf6d13f95968,prompt-to-text,0,0,3,Whats the advantage of using gym compared to doing work out at home?,"[10,67]","[0,5]",45,1756263630824,1756263630894,p,80, daily, physical-keyboard,36,1,0,1,70.0,184.0,192.0,127.0
663068f52490bf6d13f95968,prompt-to-text,0,0,3,Whats the advantage of using gym compared to doing work out at home?,"[10,67]","[0,5]",46,1756263630892,1756263630951,a,65, daily, physical-keyboard,37,1,0,1,59.0,68.0,57.0,277.0
663068f52490bf6d13f95968,prompt-to-text,0,0,3,Whats the advantage of using gym compared to doing work out at home?,"[10,67]","[0,5]",47,1756263631107,1756263631169,r,82, daily, physical-keyboard,38,1,0,1,62.0,215.0,218.0,226.0
663068f52490bf6d13f95968,prompt-to-text,0,0,3,Whats the advantage of using gym compared to doing work out at home?,"[10,67]","[0,5]",48,1756263631274,1756263631333,e,69, daily, physical-keyboard,39,1,0,1,59.0,167.0,164.0,227.0
663068f52490bf6d13f95968,prompt-to-text,0,0,3,Whats the advantage of using gym compared to doing work out at home?,"[10,67]","[0,5]",49,1756263631442,1756263631501,d,68, daily, physical-keyboard,40,1,0,1,59.0,168.0,168.0,140.0
663068f52490bf6d13f95968,prompt-to-text,0,0,3,Whats the advantage of using gym compared to doing work out at home?,"[10,67]","[0,5]",50,1756263631499,1756263631582, ,32, daily, physical-keyboard,41,1,0,0,83.0,57.0,81.0,211.0
663068f52490bf6d13f95968,prompt-to-text,0,0,3,Whats the advantage of using gym compared to doing work out at home?,"[10,67]","[0,5]",51,1756263631635,1756263631710,t,84, daily, physical-keyboard,42,1,0,1,75.0,136.0,128.0,176.0
663068f52490bf6d13f95968,prompt-to-text,0,0,3,Whats the advantage of using gym compared to doing work out at home?,"[10,67]","[0,5]",52,1756263631727,1756263631811,o,79, daily, physical-keyboard,43,1,0,1,84.0,92.0,101.0,168.0
663068f52490bf6d13f95968,prompt-to-text,0,0,3,Whats the advantage of using gym compared to doing work out at home?,"[10,67]","[0,5]",53,1756263631776,1756263631895, ,32, daily, physical-keyboard,44,1,0,0,119.0,49.0,84.0,249.0
663068f52490bf6d13f95968,prompt-to-text,0,0,3,Whats the advantage of using gym compared to doing work out at home?,"[10,67]","[0,5]",54,1756263631941,1756263632025,w,87, daily, physical-keyboard,45,1,0,1,84.0,165.0,130.0,175.0
663068f52490bf6d13f95968,prompt-to-text,0,0,3,Whats the advantage of using gym compared to doing work out at home?,"[10,67]","[0,5]",55,1756263632039,1756263632116,o,79, daily, physical-keyboard,45,1,0,1,77.0,98.0,91.0,247.0
663068f52490bf6d13f95968,prompt-to-text,0,0,3,Whats the advantage of using gym compared to doing work out at home?,"[10,67]","[0,5]",56,1756263632176,1756263632286,r,82, daily, physical-keyboard,45,1,0,1,110.0,137.0,170.0,201.0
663068f52490bf6d13f95968,prompt-to-text,0,0,3,Whats the advantage of using gym compared to doing work out at home?,"[10,67]","[0,5]",57,1756263632280,1756263632377,k,75, daily, physical-keyboard,45,1,0,1,97.0,104.0,91.0,980.0
663068f52490bf6d13f95968,prompt-to-text,0,0,3,Whats the advantage of using gym compared to doing work out at home?,"[10,67]","[0,5]",58,1756263632729,1756263633260,Backspace,8, daily, physical-keyboard,45,1,0,1,531.0,449.0,883.0,
663068f52490bf6d13f95968,prompt-to-text,0,0,3,Whats the advantage of using gym compared to doing work out at home?,"[10,67]","[0,5]",59,1756263632874,0,Backspace,8, daily, physical-keyboard,45,1,0,1,,145.0,,
663068f52490bf6d13f95968,prompt-to-text,0,0,3,Whats the advantage of using gym compared to doing work out at home?,"[10,67]","[0,5]",60,1756263633027,0,Backspace,8, daily, physical-keyboard,45,1,0,1,,153.0,,
663068f52490bf6d13f95968,prompt-to-text,0,0,3,Whats the advantage of using gym compared to doing work out at home?,"[10,67]","[0,5]",61,1756263633189,0,Backspace,8, daily, physical-keyboard,45,1,0,1,,162.0,,495.0
663068f52490bf6d13f95968,prompt-to-text,0,0,3,Whats the advantage of using gym compared to doing work out at home?,"[10,67]","[0,5]",62,1756263633601,1756263633684,d,68, daily, physical-keyboard,45,1,0,1,83.0,412.0,,186.0
663068f52490bf6d13f95968,prompt-to-text,0,0,3,Whats the advantage of using gym compared to doing work out at home?,"[10,67]","[0,5]",63,1756263633701,1756263633787,o,79, daily, physical-keyboard,46,1,0,1,86.0,100.0,103.0,141.0
663068f52490bf6d13f95968,prompt-to-text,0,0,3,Whats the advantage of using gym compared to doing work out at home?,"[10,67]","[0,5]",64,1756263633768,1756263633842,i,73, daily, physical-keyboard,47,1,0,1,74.0,67.0,55.0,273.0
663068f52490bf6d13f95968,prompt-to-text,0,0,3,Whats the advantage of using gym compared to doing work out at home?,"[10,67]","[0,5]",65,1756263633990,1756263634041,n,78, daily, physical-keyboard,48,1,0,1,51.0,222.0,199.0,152.0
663068f52490bf6d13f95968,prompt-to-text,0,0,3,Whats the advantage of using gym compared to doing work out at home?,"[10,67]","[0,5]",66,1756263634085,1756263634142,g,71, daily, physical-keyboard,49,1,0,1,57.0,95.0,101.0,164.0
663068f52490bf6d13f95968,prompt-to-text,0,0,3,Whats the advantage of using gym compared to doing work out at home?,"[10,67]","[0,5]",67,1756263634168,1756263634249, ,32, daily, physical-keyboard,50,1,0,0,81.0,83.0,107.0,243.0
663068f52490bf6d13f95968,prompt-to-text,0,0,3,Whats the advantage of using gym compared to doing work out at home?,"[10,67]","[0,5]",68,1756263634347,1756263634411,w,87, daily, physical-keyboard,51,1,0,1,64.0,179.0,162.0,150.0
663068f52490bf6d13f95968,prompt-to-text,0,0,3,Whats the advantage of using gym compared to doing work out at home?,"[10,67]","[0,5]",69,1756263634428,1756263634497,o,79, daily, physical-keyboard,52,1,0,1,69.0,81.0,86.0,214.0
663068f52490bf6d13f95968,prompt-to-text,0,0,3,Whats the advantage of using gym compared to doing work out at home?,"[10,67]","[0,5]",70,1756263634550,1756263634642,r,82, daily, physical-keyboard,53,1,0,1,92.0,122.0,145.0,193.0
663068f52490bf6d13f95968,prompt-to-text,0,0,3,Whats the advantage of using gym compared to doing work out at home?,"[10,67]","[0,5]",71,1756263634645,1756263634743,k,75, daily, physical-keyboard,54,1,0,1,98.0,95.0,101.0,230.0
663068f52490bf6d13f95968,prompt-to-text,0,0,3,Whats the advantage of using gym compared to doing work out at home?,"[10,67]","[0,5]",72,1756263634789,1756263634875, ,32, daily, physical-keyboard,55,1,0,0,86.0,144.0,132.0,271.0
663068f52490bf6d13f95968,prompt-to-text,0,0,3,Whats the advantage of using gym compared to doing work out at home?,"[10,67]","[0,5]",73,1756263634953,1756263635060,o,79, daily, physical-keyboard,56,1,0,1,107.0,164.0,185.0,187.0
663068f52490bf6d13f95968,prompt-to-text,0,0,3,Whats the advantage of using gym compared to doing work out at home?,"[10,67]","[0,5]",74,1756263635067,1756263635140,u,85, daily, physical-keyboard,57,1,0,1,73.0,114.0,80.0,245.0
663068f52490bf6d13f95968,prompt-to-text,0,0,3,Whats the advantage of using gym compared to doing work out at home?,"[10,67]","[0,5]",75,1756263635217,1756263635312,t,84, daily, physical-keyboard,58,1,0,1,95.0,150.0,172.0,235.0
663068f52490bf6d13f95968,prompt-to-text,0,0,3,Whats the advantage of using gym compared to doing work out at home?,"[10,67]","[0,5]",76,1756263635341,1756263635452, ,32, daily, physical-keyboard,59,1,0,0,111.0,124.0,140.0,348.0
663068f52490bf6d13f95968,prompt-to-text,0,0,3,Whats the advantage of using gym compared to doing work out at home?,"[10,67]","[0,5]",77,1756263635614,1756263635689,a,65, daily, physical-keyboard,60,1,0,1,75.0,273.0,237.0,183.0
663068f52490bf6d13f95968,prompt-to-text,0,0,3,Whats the advantage of using gym compared to doing work out at home?,"[10,67]","[0,5]",78,1756263635709,1756263635797,t,84, daily, physical-keyboard,61,1,0,1,88.0,95.0,108.0,193.0
663068f52490bf6d13f95968,prompt-to-text,0,0,3,Whats the advantage of using gym compared to doing work out at home?,"[10,67]","[0,5]",79,1756263635812,1756263635902, ,32, daily, physical-keyboard,62,1,0,0,90.0,103.0,105.0,241.0
663068f52490bf6d13f95968,prompt-to-text,0,0,3,Whats the advantage of using gym compared to doing work out at home?,"[10,67]","[0,5]",80,1756263635998,1756263636053,h,72, daily, physical-keyboard,63,1,0,1,55.0,186.0,151.0,317.0
663068f52490bf6d13f95968,prompt-to-text,0,0,3,Whats the advantage of using gym compared to doing work out at home?,"[10,67]","[0,5]",81,1756263636239,1756263636315,o,79, daily, physical-keyboard,64,1,0,1,76.0,241.0,262.0,262.0
663068f52490bf6d13f95968,prompt-to-text,0,0,3,Whats the advantage of using gym compared to doing work out at home?,"[10,67]","[0,5]",82,1756263636434,1756263636501,m,77, daily, physical-keyboard,65,1,0,1,67.0,195.0,186.0,234.0
663068f52490bf6d13f95968,prompt-to-text,0,0,3,Whats the advantage of using gym compared to doing work out at home?,"[10,67]","[0,5]",83,1756263636577,1756263636668,e,69, daily, physical-keyboard,66,1,0,1,91.0,143.0,167.0,289.0
663068f52490bf6d13f95968,prompt-to-text,0,0,3,Whats the advantage of using gym compared to doing work out at home?,"[10,67]","[0,5]",84,1756263636742,1756263636866,Shift,16, daily, physical-keyboard,67,1,0,1,124.0,165.0,198.0,220.0
663068f52490bf6d13f95968,prompt-to-text,0,0,3,Whats the advantage of using gym compared to doing work out at home?,"[10,67]","[0,5]",85,1756263636834,1756263636962,?,191, daily, physical-keyboard,67,1,0,1,128.0,92.0,96.0,
