PARTICIPANT_ID,EXPERIMENTTYPE,EXPERIMENTATTEMPT,TOTALATTEMPTCOUNT,LATINSQUARETYPE,PROMPT,CONFIDENT,UNCONFIDENT,KEYSTROKE_ID,PRESS_TIME,RELEASE_TIME,LETTER,KEYCODE,FREQUENCY,INPUTMETHOD,PROMPT_CHAR,CONFIDENT_MARKED_CHAR,UNCONFIDENT_MARKED_CHAR,WORD,D1U1,D1D2,U1U2,D1U2
6614435124bf16e7a24f9662,text-to-prompt,1,3,5,Write a story about a small turtle who walk along the riverbank.,"[22,34];[54,63]","[39,49]",0,1756296621962,1756296622831,Shift,16, weekly, physical-keyboard,0,0,0,1,869.0,,,
6614435124bf16e7a24f9662,text-to-prompt,1,3,5,Write a story about a small turtle who walk along the riverbank.,"[22,34];[54,63]","[39,49]",1,1756296622470,0,Shift,16, weekly, physical-keyboard,0,0,0,1,,508.0,,
6614435124bf16e7a24f9662,text-to-prompt,1,3,5,Write a story about a small turtle who walk along the riverbank.,"[22,34];[54,63]","[39,49]",2,1756296622501,0,Shift,16, weekly, physical-keyboard,0,0,0,1,,31.0,,
6614435124bf16e7a24f9662,text-to-prompt,1,3,5,Write a story about a small turtle who walk along the riverbank.,"[22,34];[54,63]","[39,49]",3,1756296622533,0,Shift,16, weekly, physical-keyboard,0,0,0,1,,32.0,,
6614435124bf16e7a24f9662,text-to-prompt,1,3,5,Write a story about a small turtle who walk along the riverbank.,"[22,34];[54,63]","[39,49]",4,1756296622564,0,Shift,16, weekly, physical-keyboard,0,0,0,1,,31.0,,
6614435124bf16e7a24f9662,text-to-prompt,1,3,5,Write a story about a small turtle who walk along the riverbank.,"[22,34];[54,63]","[39,49]",5,1756296622609,0,Shift,16, weekly, physical-keyboard,0,0,0,1,,45.0,,
6614435124bf16e7a24f9662,text-to-prompt,1,3,5,Write a story about a small turtle who walk along the riverbank.,"[22,34];[54,63]","[39,49]",6,1756296622632,0,Shift,16, weekly, physical-keyboard,0,0,0,1,,23.0,,
6614435124bf16e7a24f9662,text-to-prompt,1,3,5,Write a story about a small turtle who walk along the riverbank.,"[22,34];[54,63]","[39,49]",7,1756296622664,0,Shift,16, weekly, physical-keyboard,0,0,0,1,,32.0,,93.0
6614435124bf16e7a24f9662,text-to-prompt,1,3,5,Write a story about a small turtle who walk along the riverbank.,"[22,34];[54,63]","[39,49]",8,1756296622677,1756296622757,W,87, weekly, physical-keyboard,0,0,0,1,80.0,13.0,,844.0
6614435124bf16e7a24f9662,text-to-prompt,1,3,5,Write a story about a small turtle who walk along the riverbank.,"[22,34];[54,63]","[39,49]",9,1756296623451,1756296623521,r,82, weekly, physical-keyboard,1,0,0,1,70.0,774.0,764.0,520.0
6614435124bf16e7a24f9662,text-to-prompt,1,3,5,Write a story about a small turtle who walk along the riverbank.,"[22,34];[54,63]","[39,49]",10,1756296623898,1756296623971,i,73, weekly, physical-keyboard,2,0,0,1,73.0,447.0,450.0,451.0
6614435124bf16e7a24f9662,text-to-prompt,1,3,5,Write a story about a small turtle who walk along the riverbank.,"[22,34];[54,63]","[39,49]",11,1756296624265,1756296624349,t,84, weekly, physical-keyboard,3,0,0,1,84.0,367.0,378.0,286.0
6614435124bf16e7a24f9662,text-to-prompt,1,3,5,Write a story about a small turtle who walk along the riverbank.,"[22,34];[54,63]","[39,49]",12,1756296624488,1756296624551,e,69, weekly, physical-keyboard,4,0,0,1,63.0,223.0,202.0,49.0
6614435124bf16e7a24f9662,text-to-prompt,1,3,5,Write a story about a small turtle who walk along the riverbank.,"[22,34];[54,63]","[39,49]",13,1756296624492,1756296624537,w,87, weekly, physical-keyboard,5,0,0,0,45.0,4.0,,753.0
6614435124bf16e7a24f9662,text-to-prompt,1,3,5,Write a story about a small turtle who walk along the riverbank.,"[22,34];[54,63]","[39,49]",14,1756296625149,1756296625245,Backspace,8, weekly, physical-keyboard,5,0,0,0,96.0,657.0,708.0,315.0
6614435124bf16e7a24f9662,text-to-prompt,1,3,5,Write a story about a small turtle who walk along the riverbank.,"[22,34];[54,63]","[39,49]",15,1756296625373,1756296625464, ,32, weekly, physical-keyboard,5,0,0,0,91.0,224.0,219.0,934.0
6614435124bf16e7a24f9662,text-to-prompt,1,3,5,Write a story about a small turtle who walk along the riverbank.,"[22,34];[54,63]","[39,49]",16,1756296626252,1756296626307,s,83, weekly, physical-keyboard,6,0,0,1,55.0,879.0,843.0,457.0
6614435124bf16e7a24f9662,text-to-prompt,1,3,5,Write a story about a small turtle who walk along the riverbank.,"[22,34];[54,63]","[39,49]",17,1756296626640,1756296626709,Backspace,8, weekly, physical-keyboard,6,0,0,1,69.0,388.0,402.0,512.0
6614435124bf16e7a24f9662,text-to-prompt,1,3,5,Write a story about a small turtle who walk along the riverbank.,"[22,34];[54,63]","[39,49]",18,1756296627090,1756296627152,a,65, weekly, physical-keyboard,6,0,0,1,62.0,450.0,443.0,350.0
6614435124bf16e7a24f9662,text-to-prompt,1,3,5,Write a story about a small turtle who walk along the riverbank.,"[22,34];[54,63]","[39,49]",19,1756296627307,1756296627440, ,32, weekly, physical-keyboard,7,0,0,0,133.0,217.0,288.0,386.0
6614435124bf16e7a24f9662,text-to-prompt,1,3,5,Write a story about a small turtle who walk along the riverbank.,"[22,34];[54,63]","[39,49]",20,1756296627626,1756296627693,s,83, weekly, physical-keyboard,8,0,0,1,67.0,319.0,253.0,451.0
6614435124bf16e7a24f9662,text-to-prompt,1,3,5,Write a story about a small turtle who walk along the riverbank.,"[22,34];[54,63]","[39,49]",21,1756296628018,1756296628077,t,84, weekly, physical-keyboard,9,0,0,1,59.0,392.0,384.0,545.0
6614435124bf16e7a24f9662,text-to-prompt,1,3,5,Write a story about a small turtle who walk along the riverbank.,"[22,34];[54,63]","[39,49]",22,1756296628500,1756296628563,o,79, weekly, physical-keyboard,10,0,0,1,63.0,482.0,486.0,474.0
6614435124bf16e7a24f9662,text-to-prompt,1,3,5,Write a story about a small turtle who walk along the riverbank.,"[22,34];[54,63]","[39,49]",23,1756296628887,1756296628974,r,82, weekly, physical-keyboard,11,0,0,1,87.0,387.0,411.0,390.0
6614435124bf16e7a24f9662,text-to-prompt,1,3,5,Write a story about a small turtle who walk along the riverbank.,"[22,34];[54,63]","[39,49]",24,1756296629184,1756296629277,y,89, weekly, physical-keyboard,12,0,0,1,93.0,297.0,303.0,295.0
6614435124bf16e7a24f9662,text-to-prompt,1,3,5,Write a story about a small turtle who walk along the riverbank.,"[22,34];[54,63]","[39,49]",25,1756296629366,1756296629479, ,32, weekly, physical-keyboard,13,0,0,0,113.0,182.0,202.0,322.0
6614435124bf16e7a24f9662,text-to-prompt,1,3,5,Write a story about a small turtle who walk along the riverbank.,"[22,34];[54,63]","[39,49]",26,1756296629608,1756296629688,a,65, weekly, physical-keyboard,14,0,0,1,80.0,242.0,209.0,571.0
6614435124bf16e7a24f9662,text-to-prompt,1,3,5,Write a story about a small turtle who walk along the riverbank.,"[22,34];[54,63]","[39,49]",27,1756296630118,1756296630179,b,66, weekly, physical-keyboard,15,0,0,1,61.0,510.0,491.0,478.0
6614435124bf16e7a24f9662,text-to-prompt,1,3,5,Write a story about a small turtle who walk along the riverbank.,"[22,34];[54,63]","[39,49]",28,1756296630478,1756296630596,o,79, weekly, physical-keyboard,16,0,0,1,118.0,360.0,417.0,213.0
6614435124bf16e7a24f9662,text-to-prompt,1,3,5,Write a story about a small turtle who walk along the riverbank.,"[22,34];[54,63]","[39,49]",29,1756296630588,1756296630691,u,85, weekly, physical-keyboard,17,0,0,1,103.0,110.0,95.0,332.0
6614435124bf16e7a24f9662,text-to-prompt,1,3,5,Write a story about a small turtle who walk along the riverbank.,"[22,34];[54,63]","[39,49]",30,1756296630833,1756296630920,t,84, weekly, physical-keyboard,18,0,0,1,87.0,245.0,229.0,335.0
6614435124bf16e7a24f9662,text-to-prompt,1,3,5,Write a story about a small turtle who walk along the riverbank.,"[22,34];[54,63]","[39,49]",31,1756296631046,1756296631168, ,32, weekly, physical-keyboard,19,0,0,0,122.0,213.0,248.0,393.0
6614435124bf16e7a24f9662,text-to-prompt,1,3,5,Write a story about a small turtle who walk along the riverbank.,"[22,34];[54,63]","[39,49]",32,1756296631372,1756296631439,a,65, weekly, physical-keyboard,20,0,0,1,67.0,326.0,271.0,81.0
6614435124bf16e7a24f9662,text-to-prompt,1,3,5,Write a story about a small turtle who walk along the riverbank.,"[22,34];[54,63]","[39,49]",33,1756296631431,1756296631453,s,83, weekly, physical-keyboard,21,0,0,0,22.0,59.0,14.0,912.0
6614435124bf16e7a24f9662,text-to-prompt,1,3,5,Write a story about a small turtle who walk along the riverbank.,"[22,34];[54,63]","[39,49]",34,1756296632235,1756296632343,Backspace,8, weekly, physical-keyboard,21,0,0,0,108.0,804.0,890.0,384.0
6614435124bf16e7a24f9662,text-to-prompt,1,3,5,Write a story about a small turtle who walk along the riverbank.,"[22,34];[54,63]","[39,49]",35,1756296632494,1756296632619, ,32, weekly, physical-keyboard,21,0,0,0,125.0,259.0,276.0,617.0
6614435124bf16e7a24f9662,text-to-prompt,1,3,5,Write a story about a small turtle who walk along the riverbank.,"[22,34];[54,63]","[39,49]",36,1756296633036,1756296633111,s,83, weekly, physical-keyboard,22,1,0,1,75.0,542.0,492.0,522.0
6614435124bf16e7a24f9662,text-to-prompt,1,3,5,Write a story about a small turtle who walk along the riverbank.,"[22,34];[54,63]","[39,49]",37,1756296633452,1756296633558,m,77, weekly, physical-keyboard,23,1,0,1,106.0,416.0,447.0,413.0
6614435124bf16e7a24f9662,text-to-prompt,1,3,5,Write a story about a small turtle who walk along the riverbank.,"[22,34];[54,63]","[39,49]",38,1756296633777,1756296633865,a,65, weekly, physical-keyboard,24,1,0,1,88.0,325.0,307.0,497.0
6614435124bf16e7a24f9662,text-to-prompt,1,3,5,Write a story about a small turtle who walk along the riverbank.,"[22,34];[54,63]","[39,49]",39,1756296634193,1756296634274,l,76, weekly, physical-keyboard,25,1,0,1,81.0,416.0,409.0,266.0
6614435124bf16e7a24f9662,text-to-prompt,1,3,5,Write a story about a small turtle who walk along the riverbank.,"[22,34];[54,63]","[39,49]",40,1756296634349,1756296634459,l,76, weekly, physical-keyboard,26,1,0,1,110.0,156.0,185.0,339.0
6614435124bf16e7a24f9662,text-to-prompt,1,3,5,Write a story about a small turtle who walk along the riverbank.,"[22,34];[54,63]","[39,49]",41,1756296634560,1756296634688, ,32, weekly, physical-keyboard,27,1,0,0,128.0,211.0,229.0,887.0
6614435124bf16e7a24f9662,text-to-prompt,1,3,5,Write a story about a small turtle who walk along the riverbank.,"[22,34];[54,63]","[39,49]",42,1756296635377,1756296635447,t,84, weekly, physical-keyboard,28,1,0,1,70.0,817.0,759.0,523.0
6614435124bf16e7a24f9662,text-to-prompt,1,3,5,Write a story about a small turtle who walk along the riverbank.,"[22,34];[54,63]","[39,49]",43,1756296635804,1756296635900,u,85, weekly, physical-keyboard,29,1,0,1,96.0,427.0,453.0,439.0
6614435124bf16e7a24f9662,text-to-prompt,1,3,5,Write a story about a small turtle who walk along the riverbank.,"[22,34];[54,63]","[39,49]",44,1756296636088,1756296636243,r,82, weekly, physical-keyboard,30,1,0,1,155.0,284.0,343.0,216.0
6614435124bf16e7a24f9662,text-to-prompt,1,3,5,Write a story about a small turtle who walk along the riverbank.,"[22,34];[54,63]","[39,49]",45,1756296636195,1756296636304,t,84, weekly, physical-keyboard,31,1,0,1,109.0,107.0,61.0,1271.0
6614435124bf16e7a24f9662,text-to-prompt,1,3,5,Write a story about a small turtle who walk along the riverbank.,"[22,34];[54,63]","[39,49]",46,1756296637314,1756296637466,l,76, weekly, physical-keyboard,32,1,0,1,152.0,1119.0,1162.0,463.0
6614435124bf16e7a24f9662,text-to-prompt,1,3,5,Write a story about a small turtle who walk along the riverbank.,"[22,34];[54,63]","[39,49]",47,1756296637639,1756296637777,e,69, weekly, physical-keyboard,33,1,0,1,138.0,325.0,311.0,296.0
6614435124bf16e7a24f9662,text-to-prompt,1,3,5,Write a story about a small turtle who walk along the riverbank.,"[22,34];[54,63]","[39,49]",48,1756296637790,1756296637935, ,32, weekly, physical-keyboard,34,1,0,0,145.0,151.0,158.0,5106.0
6614435124bf16e7a24f9662,text-to-prompt,1,3,5,Write a story about a small turtle who walk along the riverbank.,"[22,34];[54,63]","[39,49]",49,1756296642836,1756296642896,w,87, weekly, physical-keyboard,35,0,0,1,60.0,5046.0,4961.0,829.0
6614435124bf16e7a24f9662,text-to-prompt,1,3,5,Write a story about a small turtle who walk along the riverbank.,"[22,34];[54,63]","[39,49]",50,1756296643521,1756296643665,h,72, weekly, physical-keyboard,36,0,0,1,144.0,685.0,769.0,228.0
6614435124bf16e7a24f9662,text-to-prompt,1,3,5,Write a story about a small turtle who walk along the riverbank.,"[22,34];[54,63]","[39,49]",51,1756296643604,1756296643749,o,79, weekly, physical-keyboard,37,0,0,1,145.0,83.0,84.0,379.0
6614435124bf16e7a24f9662,text-to-prompt,1,3,5,Write a story about a small turtle who walk along the riverbank.,"[22,34];[54,63]","[39,49]",52,1756296643862,1756296643983, ,32, weekly, physical-keyboard,38,0,0,0,121.0,258.0,234.0,1359.0
6614435124bf16e7a24f9662,text-to-prompt,1,3,5,Write a story about a small turtle who walk along the riverbank.,"[22,34];[54,63]","[39,49]",53,1756296645151,1756296645221,w,87, weekly, physical-keyboard,39,0,1,1,70.0,1289.0,1238.0,228.0
6614435124bf16e7a24f9662,text-to-prompt,1,3,5,Write a story about a small turtle who walk along the riverbank.,"[22,34];[54,63]","[39,49]",54,1756296645313,1756296645379,a,65, weekly, physical-keyboard,40,0,1,1,66.0,162.0,158.0,840.0
6614435124bf16e7a24f9662,text-to-prompt,1,3,5,Write a story about a small turtle who walk along the riverbank.,"[22,34];[54,63]","[39,49]",55,1756296646019,1756296646153,l,76, weekly, physical-keyboard,41,0,1,1,134.0,706.0,774.0,408.0
6614435124bf16e7a24f9662,text-to-prompt,1,3,5,Write a story about a small turtle who walk along the riverbank.,"[22,34];[54,63]","[39,49]",56,1756296646355,1756296646427,a,65, weekly, physical-keyboard,42,0,1,1,72.0,336.0,274.0,1473.0
6614435124bf16e7a24f9662,text-to-prompt,1,3,5,Write a story about a small turtle who walk along the riverbank.,"[22,34];[54,63]","[39,49]",57,1756296647734,1756296647828,Backspace,8, weekly, physical-keyboard,42,0,1,1,94.0,1379.0,1401.0,447.0
6614435124bf16e7a24f9662,text-to-prompt,1,3,5,Write a story about a small turtle who walk along the riverbank.,"[22,34];[54,63]","[39,49]",58,1756296648108,1756296648181,k,75, weekly, physical-keyboard,42,0,1,1,73.0,374.0,353.0,397.0
6614435124bf16e7a24f9662,text-to-prompt,1,3,5,Write a story about a small turtle who walk along the riverbank.,"[22,34];[54,63]","[39,49]",59,1756296648445,1756296648505, ,32, weekly, physical-keyboard,43,0,1,0,60.0,337.0,324.0,5773.0
6614435124bf16e7a24f9662,text-to-prompt,1,3,5,Write a story about a small turtle who walk along the riverbank.,"[22,34];[54,63]","[39,49]",60,1756296654160,1756296654218,a,65, weekly, physical-keyboard,44,0,1,1,58.0,5715.0,5713.0,661.0
6614435124bf16e7a24f9662,text-to-prompt,1,3,5,Write a story about a small turtle who walk along the riverbank.,"[22,34];[54,63]","[39,49]",61,1756296654737,1756296654821,l,76, weekly, physical-keyboard,45,0,1,1,84.0,577.0,603.0,232.0
6614435124bf16e7a24f9662,text-to-prompt,1,3,5,Write a story about a small turtle who walk along the riverbank.,"[22,34];[54,63]","[39,49]",62,1756296654881,1756296654969,o,79, weekly, physical-keyboard,46,0,1,1,88.0,144.0,148.0,344.0
6614435124bf16e7a24f9662,text-to-prompt,1,3,5,Write a story about a small turtle who walk along the riverbank.,"[22,34];[54,63]","[39,49]",63,1756296655124,1756296655225,n,78, weekly, physical-keyboard,47,0,1,1,101.0,243.0,256.0,312.0
6614435124bf16e7a24f9662,text-to-prompt,1,3,5,Write a story about a small turtle who walk along the riverbank.,"[22,34];[54,63]","[39,49]",64,1756296655338,1756296655436,g,71, weekly, physical-keyboard,48,0,1,1,98.0,214.0,211.0,287.0
6614435124bf16e7a24f9662,text-to-prompt,1,3,5,Write a story about a small turtle who walk along the riverbank.,"[22,34];[54,63]","[39,49]",65,1756296655502,1756296655625, ,32, weekly, physical-keyboard,49,0,1,0,123.0,164.0,189.0,242.0
6614435124bf16e7a24f9662,text-to-prompt,1,3,5,Write a story about a small turtle who walk along the riverbank.,"[22,34];[54,63]","[39,49]",66,1756296655674,1756296655744,t,84, weekly, physical-keyboard,50,0,0,1,70.0,172.0,119.0,262.0
6614435124bf16e7a24f9662,text-to-prompt,1,3,5,Write a story about a small turtle who walk along the riverbank.,"[22,34];[54,63]","[39,49]",67,1756296655881,1756296655936,g,71, weekly, physical-keyboard,51,0,0,1,55.0,207.0,192.0,35.0
6614435124bf16e7a24f9662,text-to-prompt,1,3,5,Write a story about a small turtle who walk along the riverbank.,"[22,34];[54,63]","[39,49]",68,1756296655888,1756296655916,h,72, weekly, physical-keyboard,51,0,0,1,28.0,7.0,,618.0
6614435124bf16e7a24f9662,text-to-prompt,1,3,5,Write a story about a small turtle who walk along the riverbank.,"[22,34];[54,63]","[39,49]",69,1756296656398,1756296656506,Backspace,8, weekly, physical-keyboard,51,0,0,1,108.0,510.0,590.0,701.0
6614435124bf16e7a24f9662,text-to-prompt,1,3,5,Write a story about a small turtle who walk along the riverbank.,"[22,34];[54,63]","[39,49]",70,1756296657024,1756296657099,Backspace,8, weekly, physical-keyboard,51,0,0,1,75.0,626.0,593.0,422.0
6614435124bf16e7a24f9662,text-to-prompt,1,3,5,Write a story about a small turtle who walk along the riverbank.,"[22,34];[54,63]","[39,49]",71,1756296657368,1756296657446,h,72, weekly, physical-keyboard,51,0,0,1,78.0,344.0,347.0,402.0
6614435124bf16e7a24f9662,text-to-prompt,1,3,5,Write a story about a small turtle who walk along the riverbank.,"[22,34];[54,63]","[39,49]",72,1756296657690,1756296657770,e,69, weekly, physical-keyboard,52,0,0,1,80.0,322.0,324.0,281.0
6614435124bf16e7a24f9662,text-to-prompt,1,3,5,Write a story about a small turtle who walk along the riverbank.,"[22,34];[54,63]","[39,49]",73,1756296657849,1756296657971, ,32, weekly, physical-keyboard,53,0,0,0,122.0,159.0,201.0,285.0
6614435124bf16e7a24f9662,text-to-prompt,1,3,5,Write a story about a small turtle who walk along the riverbank.,"[22,34];[54,63]","[39,49]",74,1756296658036,1756296658134,r,82, weekly, physical-keyboard,54,1,0,1,98.0,187.0,163.0,1206.0
6614435124bf16e7a24f9662,text-to-prompt,1,3,5,Write a story about a small turtle who walk along the riverbank.,"[22,34];[54,63]","[39,49]",75,1756296659164,1756296659242,i,73, weekly, physical-keyboard,55,1,0,1,78.0,1128.0,1108.0,380.0
6614435124bf16e7a24f9662,text-to-prompt,1,3,5,Write a story about a small turtle who walk along the riverbank.,"[22,34];[54,63]","[39,49]",76,1756296659465,1756296659544,v,86, weekly, physical-keyboard,56,1,0,1,79.0,301.0,302.0,330.0
6614435124bf16e7a24f9662,text-to-prompt,1,3,5,Write a story about a small turtle who walk along the riverbank.,"[22,34];[54,63]","[39,49]",77,1756296659683,1756296659795,e,69, weekly, physical-keyboard,57,1,0,1,112.0,218.0,251.0,188.0
6614435124bf16e7a24f9662,text-to-prompt,1,3,5,Write a story about a small turtle who walk along the riverbank.,"[22,34];[54,63]","[39,49]",78,1756296659758,1756296659871,r,82, weekly, physical-keyboard,58,1,0,1,113.0,75.0,76.0,1347.0
6614435124bf16e7a24f9662,text-to-prompt,1,3,5,Write a story about a small turtle who walk along the riverbank.,"[22,34];[54,63]","[39,49]",79,1756296661043,1756296661105,b,66, weekly, physical-keyboard,59,1,0,1,62.0,1285.0,1234.0,243.0
6614435124bf16e7a24f9662,text-to-prompt,1,3,5,Write a story about a small turtle who walk along the riverbank.,"[22,34];[54,63]","[39,49]",80,1756296661223,1756296661286,a,65, weekly, physical-keyboard,60,1,0,1,63.0,180.0,181.0,618.0
6614435124bf16e7a24f9662,text-to-prompt,1,3,5,Write a story about a small turtle who walk along the riverbank.,"[22,34];[54,63]","[39,49]",81,1756296661765,1756296661841,k,75, weekly, physical-keyboard,61,1,0,1,76.0,542.0,555.0,694.0
6614435124bf16e7a24f9662,text-to-prompt,1,3,5,Write a story about a small turtle who walk along the riverbank.,"[22,34];[54,63]","[39,49]",82,1756296662397,1756296662459,Backspace,8, weekly, physical-keyboard,61,1,0,1,62.0,632.0,618.0,589.0
6614435124bf16e7a24f9662,text-to-prompt,1,3,5,Write a story about a small turtle who walk along the riverbank.,"[22,34];[54,63]","[39,49]",83,1756296662874,1756296662986,n,78, weekly, physical-keyboard,61,1,0,1,112.0,477.0,527.0,156.0
6614435124bf16e7a24f9662,text-to-prompt,1,3,5,Write a story about a small turtle who walk along the riverbank.,"[22,34];[54,63]","[39,49]",84,1756296662948,1756296663030,k,75, weekly, physical-keyboard,62,1,0,1,82.0,74.0,44.0,296.0
6614435124bf16e7a24f9662,text-to-prompt,1,3,5,Write a story about a small turtle who walk along the riverbank.,"[22,34];[54,63]","[39,49]",85,1756296663180,1756296663244,.,190, weekly, physical-keyboard,63,1,0,1,64.0,232.0,214.0,
