PARTICIPANT_ID,EXPERIMENTTYPE,EXPERIMENTATTEMPT,TOTALATTEMPTCOUNT,LATINSQUARETYPE,PROMPT,CONFIDENT,UNCONFIDENT,KEYSTROKE_ID,PRESS_TIME,RELEASE_TIME,LETTER,KEYCODE,FREQUENCY,INPUTMETHOD,PROMPT_CHAR,CONFIDENT_MARKED_CHAR,UNCONFIDENT_MARKED_CHAR,WORD,D1U1,D1D2,U1U2,D1U2
664c8dd7baa052f7b1e88417,prompt-to-image,1,3,7,Generate an image of fish swimming through the indian ocean,"[21,34]","[46,59]",0,1756230646065,1756230646098,CapsLock,20, daily, physical-keyboard,-1,0,0,0,33.0,,,882.0
664c8dd7baa052f7b1e88417,prompt-to-image,1,3,7,Generate an image of fish swimming through the indian ocean,"[21,34]","[46,59]",1,1756230646906,1756230646947,G,71, daily, physical-keyboard,0,0,0,1,41.0,841.0,849.0,200.0
664c8dd7baa052f7b1e88417,prompt-to-image,1,3,7,Generate an image of fish swimming through the indian ocean,"[21,34]","[46,59]",2,1756230647021,1756230647106,CapsLock,20, daily, physical-keyboard,-1,0,0,0,85.0,115.0,159.0,495.0
664c8dd7baa052f7b1e88417,prompt-to-image,1,3,7,Generate an image of fish swimming through the indian ocean,"[21,34]","[46,59]",3,1756230647458,1756230647516,e,69, daily, physical-keyboard,1,0,0,1,58.0,437.0,410.0,209.0
664c8dd7baa052f7b1e88417,prompt-to-image,1,3,7,Generate an image of fish swimming through the indian ocean,"[21,34]","[46,59]",4,1756230647606,1756230647667,n,78, daily, physical-keyboard,2,0,0,1,61.0,148.0,151.0,250.0
664c8dd7baa052f7b1e88417,prompt-to-image,1,3,7,Generate an image of fish swimming through the indian ocean,"[21,34]","[46,59]",5,1756230647797,1756230647856,e,69, daily, physical-keyboard,3,0,0,1,59.0,191.0,189.0,392.0
664c8dd7baa052f7b1e88417,prompt-to-image,1,3,7,Generate an image of fish swimming through the indian ocean,"[21,34]","[46,59]",6,1756230648148,1756230648189,r,82, daily, physical-keyboard,4,0,0,1,41.0,351.0,333.0,178.0
664c8dd7baa052f7b1e88417,prompt-to-image,1,3,7,Generate an image of fish swimming through the indian ocean,"[21,34]","[46,59]",7,1756230648257,1756230648326,a,65, daily, physical-keyboard,5,0,0,1,69.0,109.0,137.0,203.0
664c8dd7baa052f7b1e88417,prompt-to-image,1,3,7,Generate an image of fish swimming through the indian ocean,"[21,34]","[46,59]",8,1756230648394,1756230648460,t,84, daily, physical-keyboard,6,0,0,1,66.0,137.0,134.0,619.0
664c8dd7baa052f7b1e88417,prompt-to-image,1,3,7,Generate an image of fish swimming through the indian ocean,"[21,34]","[46,59]",9,1756230648941,1756230649013,e,69, daily, physical-keyboard,7,0,0,1,72.0,547.0,553.0,412.0
664c8dd7baa052f7b1e88417,prompt-to-image,1,3,7,Generate an image of fish swimming through the indian ocean,"[21,34]","[46,59]",10,1756230649299,1756230649353, ,32, daily, physical-keyboard,8,0,0,0,54.0,358.0,340.0,293.0
664c8dd7baa052f7b1e88417,prompt-to-image,1,3,7,Generate an image of fish swimming through the indian ocean,"[21,34]","[46,59]",11,1756230649540,1756230649592,a,65, daily, physical-keyboard,9,0,0,1,52.0,241.0,239.0,265.0
664c8dd7baa052f7b1e88417,prompt-to-image,1,3,7,Generate an image of fish swimming through the indian ocean,"[21,34]","[46,59]",12,1756230649752,1756230649805,n,78, daily, physical-keyboard,10,0,0,1,53.0,212.0,213.0,256.0
664c8dd7baa052f7b1e88417,prompt-to-image,1,3,7,Generate an image of fish swimming through the indian ocean,"[21,34]","[46,59]",13,1756230649954,1756230650008, ,32, daily, physical-keyboard,11,0,0,0,54.0,202.0,203.0,295.0
664c8dd7baa052f7b1e88417,prompt-to-image,1,3,7,Generate an image of fish swimming through the indian ocean,"[21,34]","[46,59]",14,1756230650209,1756230650249,i,73, daily, physical-keyboard,12,0,0,1,40.0,255.0,241.0,257.0
664c8dd7baa052f7b1e88417,prompt-to-image,1,3,7,Generate an image of fish swimming through the indian ocean,"[21,34]","[46,59]",15,1756230650404,1756230650466,m,77, daily, physical-keyboard,13,0,0,1,62.0,195.0,217.0,269.0
664c8dd7baa052f7b1e88417,prompt-to-image,1,3,7,Generate an image of fish swimming through the indian ocean,"[21,34]","[46,59]",16,1756230650588,1756230650673,a,65, daily, physical-keyboard,14,0,0,1,85.0,184.0,207.0,588.0
664c8dd7baa052f7b1e88417,prompt-to-image,1,3,7,Generate an image of fish swimming through the indian ocean,"[21,34]","[46,59]",17,1756230651124,1756230651176,g,71, daily, physical-keyboard,15,0,0,1,52.0,536.0,503.0,581.0
664c8dd7baa052f7b1e88417,prompt-to-image,1,3,7,Generate an image of fish swimming through the indian ocean,"[21,34]","[46,59]",18,1756230651651,1756230651705,e,69, daily, physical-keyboard,16,0,0,1,54.0,527.0,529.0,306.0
664c8dd7baa052f7b1e88417,prompt-to-image,1,3,7,Generate an image of fish swimming through the indian ocean,"[21,34]","[46,59]",19,1756230651901,1756230651957, ,32, daily, physical-keyboard,17,0,0,0,56.0,250.0,252.0,523.0
664c8dd7baa052f7b1e88417,prompt-to-image,1,3,7,Generate an image of fish swimming through the indian ocean,"[21,34]","[46,59]",20,1756230652367,1756230652424,o,79, daily, physical-keyboard,18,0,0,1,57.0,466.0,467.0,460.0
664c8dd7baa052f7b1e88417,prompt-to-image,1,3,7,Generate an image of fish swimming through the indian ocean,"[21,34]","[46,59]",21,1756230652763,1756230652827,f,70, daily, physical-keyboard,19,0,0,1,64.0,396.0,403.0,332.0
664c8dd7baa052f7b1e88417,prompt-to-image,1,3,7,Generate an image of fish swimming through the indian ocean,"[21,34]","[46,59]",22,1756230653042,1756230653095, ,32, daily, physical-keyboard,20,0,0,0,53.0,279.0,268.0,1453.0
664c8dd7baa052f7b1e88417,prompt-to-image,1,3,7,Generate an image of fish swimming through the indian ocean,"[21,34]","[46,59]",23,1756230654431,1756230654495,f,70, daily, physical-keyboard,21,1,0,1,64.0,1389.0,1400.0,325.0
664c8dd7baa052f7b1e88417,prompt-to-image,1,3,7,Generate an image of fish swimming through the indian ocean,"[21,34]","[46,59]",24,1756230654709,1756230654756,i,73, daily, physical-keyboard,22,1,0,1,47.0,278.0,261.0,520.0
664c8dd7baa052f7b1e88417,prompt-to-image,1,3,7,Generate an image of fish swimming through the indian ocean,"[21,34]","[46,59]",25,1756230655130,1756230655229,s,83, daily, physical-keyboard,23,1,0,1,99.0,421.0,473.0,315.0
664c8dd7baa052f7b1e88417,prompt-to-image,1,3,7,Generate an image of fish swimming through the indian ocean,"[21,34]","[46,59]",26,1756230655398,1756230655445,h,72, daily, physical-keyboard,24,1,0,1,47.0,268.0,216.0,1404.0
664c8dd7baa052f7b1e88417,prompt-to-image,1,3,7,Generate an image of fish swimming through the indian ocean,"[21,34]","[46,59]",27,1756230656757,1756230656802, ,32, daily, physical-keyboard,25,1,0,0,45.0,1359.0,1357.0,758.0
664c8dd7baa052f7b1e88417,prompt-to-image,1,3,7,Generate an image of fish swimming through the indian ocean,"[21,34]","[46,59]",28,1756230657422,1756230657515,s,83, daily, physical-keyboard,26,1,0,1,93.0,665.0,713.0,311.0
664c8dd7baa052f7b1e88417,prompt-to-image,1,3,7,Generate an image of fish swimming through the indian ocean,"[21,34]","[46,59]",29,1756230657663,1756230657733,w,87, daily, physical-keyboard,27,1,0,1,70.0,241.0,218.0,275.0
664c8dd7baa052f7b1e88417,prompt-to-image,1,3,7,Generate an image of fish swimming through the indian ocean,"[21,34]","[46,59]",30,1756230657884,1756230657938,i,73, daily, physical-keyboard,28,1,0,1,54.0,221.0,205.0,364.0
664c8dd7baa052f7b1e88417,prompt-to-image,1,3,7,Generate an image of fish swimming through the indian ocean,"[21,34]","[46,59]",31,1756230658195,1756230658248,m,77, daily, physical-keyboard,29,1,0,1,53.0,311.0,310.0,222.0
664c8dd7baa052f7b1e88417,prompt-to-image,1,3,7,Generate an image of fish swimming through the indian ocean,"[21,34]","[46,59]",32,1756230658355,1756230658417,m,77, daily, physical-keyboard,30,1,0,1,62.0,160.0,169.0,307.0
664c8dd7baa052f7b1e88417,prompt-to-image,1,3,7,Generate an image of fish swimming through the indian ocean,"[21,34]","[46,59]",33,1756230658621,1756230658662,i,73, daily, physical-keyboard,31,1,0,1,41.0,266.0,245.0,308.0
664c8dd7baa052f7b1e88417,prompt-to-image,1,3,7,Generate an image of fish swimming through the indian ocean,"[21,34]","[46,59]",34,1756230658880,1756230658929,n,78, daily, physical-keyboard,32,1,0,1,49.0,259.0,267.0,1442.0
664c8dd7baa052f7b1e88417,prompt-to-image,1,3,7,Generate an image of fish swimming through the indian ocean,"[21,34]","[46,59]",35,1756230660257,1756230660322,g,71, daily, physical-keyboard,33,1,0,1,65.0,1377.0,1393.0,227.0
664c8dd7baa052f7b1e88417,prompt-to-image,1,3,7,Generate an image of fish swimming through the indian ocean,"[21,34]","[46,59]",36,1756230660431,1756230660484, ,32, daily, physical-keyboard,34,1,0,0,53.0,174.0,162.0,301.0
664c8dd7baa052f7b1e88417,prompt-to-image,1,3,7,Generate an image of fish swimming through the indian ocean,"[21,34]","[46,59]",37,1756230660684,1756230660732,t,84, daily, physical-keyboard,35,0,0,1,48.0,253.0,248.0,203.0
664c8dd7baa052f7b1e88417,prompt-to-image,1,3,7,Generate an image of fish swimming through the indian ocean,"[21,34]","[46,59]",38,1756230660837,1756230660887,h,72, daily, physical-keyboard,36,0,0,1,50.0,153.0,155.0,750.0
664c8dd7baa052f7b1e88417,prompt-to-image,1,3,7,Generate an image of fish swimming through the indian ocean,"[21,34]","[46,59]",39,1756230661515,1756230661587,r,82, daily, physical-keyboard,37,0,0,1,72.0,678.0,700.0,248.0
664c8dd7baa052f7b1e88417,prompt-to-image,1,3,7,Generate an image of fish swimming through the indian ocean,"[21,34]","[46,59]",40,1756230661709,1756230661763,o,79, daily, physical-keyboard,38,0,0,1,54.0,194.0,176.0,312.0
664c8dd7baa052f7b1e88417,prompt-to-image,1,3,7,Generate an image of fish swimming through the indian ocean,"[21,34]","[46,59]",41,1756230661968,1756230662021,u,85, daily, physical-keyboard,39,0,0,1,53.0,259.0,258.0,703.0
664c8dd7baa052f7b1e88417,prompt-to-image,1,3,7,Generate an image of fish swimming through the indian ocean,"[21,34]","[46,59]",42,1756230662611,1756230662671,g,71, daily, physical-keyboard,40,0,0,1,60.0,643.0,650.0,269.0
664c8dd7baa052f7b1e88417,prompt-to-image,1,3,7,Generate an image of fish swimming through the indian ocean,"[21,34]","[46,59]",43,1756230662827,1756230662880,h,72, daily, physical-keyboard,41,0,0,1,53.0,216.0,209.0,270.0
664c8dd7baa052f7b1e88417,prompt-to-image,1,3,7,Generate an image of fish swimming through the indian ocean,"[21,34]","[46,59]",44,1756230663035,1756230663097, ,32, daily, physical-keyboard,42,0,0,0,62.0,208.0,217.0,350.0
664c8dd7baa052f7b1e88417,prompt-to-image,1,3,7,Generate an image of fish swimming through the indian ocean,"[21,34]","[46,59]",45,1756230663327,1756230663385,t,84, daily, physical-keyboard,43,0,0,1,58.0,292.0,288.0,279.0
664c8dd7baa052f7b1e88417,prompt-to-image,1,3,7,Generate an image of fish swimming through the indian ocean,"[21,34]","[46,59]",46,1756230663548,1756230663606,h,72, daily, physical-keyboard,44,0,0,1,58.0,221.0,221.0,233.0
664c8dd7baa052f7b1e88417,prompt-to-image,1,3,7,Generate an image of fish swimming through the indian ocean,"[21,34]","[46,59]",47,1756230663700,1756230663781,e,69, daily, physical-keyboard,45,0,0,1,81.0,152.0,175.0,234.0
664c8dd7baa052f7b1e88417,prompt-to-image,1,3,7,Generate an image of fish swimming through the indian ocean,"[21,34]","[46,59]",48,1756230663880,1756230663934, ,32, daily, physical-keyboard,46,0,1,0,54.0,180.0,153.0,324.0
664c8dd7baa052f7b1e88417,prompt-to-image,1,3,7,Generate an image of fish swimming through the indian ocean,"[21,34]","[46,59]",49,1756230664152,1756230664204,i,73, daily, physical-keyboard,47,0,1,1,52.0,272.0,270.0,615.0
664c8dd7baa052f7b1e88417,prompt-to-image,1,3,7,Generate an image of fish swimming through the indian ocean,"[21,34]","[46,59]",50,1756230664701,1756230664767,n,78, daily, physical-keyboard,48,0,1,1,66.0,549.0,563.0,288.0
664c8dd7baa052f7b1e88417,prompt-to-image,1,3,7,Generate an image of fish swimming through the indian ocean,"[21,34]","[46,59]",51,1756230664909,1756230664989,d,68, daily, physical-keyboard,49,0,1,1,80.0,208.0,222.0,241.0
664c8dd7baa052f7b1e88417,prompt-to-image,1,3,7,Generate an image of fish swimming through the indian ocean,"[21,34]","[46,59]",52,1756230665094,1756230665150,i,73, daily, physical-keyboard,50,0,1,1,56.0,185.0,161.0,384.0
664c8dd7baa052f7b1e88417,prompt-to-image,1,3,7,Generate an image of fish swimming through the indian ocean,"[21,34]","[46,59]",53,1756230665389,1756230665478,a,65, daily, physical-keyboard,51,0,1,1,89.0,295.0,328.0,296.0
664c8dd7baa052f7b1e88417,prompt-to-image,1,3,7,Generate an image of fish swimming through the indian ocean,"[21,34]","[46,59]",54,1756230665640,1756230665685,n,78, daily, physical-keyboard,52,0,1,1,45.0,251.0,207.0,244.0
664c8dd7baa052f7b1e88417,prompt-to-image,1,3,7,Generate an image of fish swimming through the indian ocean,"[21,34]","[46,59]",55,1756230665831,1756230665884, ,32, daily, physical-keyboard,53,0,1,0,53.0,191.0,199.0,566.0
664c8dd7baa052f7b1e88417,prompt-to-image,1,3,7,Generate an image of fish swimming through the indian ocean,"[21,34]","[46,59]",56,1756230666333,1756230666397,o,79, daily, physical-keyboard,54,0,1,1,64.0,502.0,513.0,506.0
664c8dd7baa052f7b1e88417,prompt-to-image,1,3,7,Generate an image of fish swimming through the indian ocean,"[21,34]","[46,59]",57,1756230666786,1756230666839,c,67, daily, physical-keyboard,55,0,1,1,53.0,453.0,442.0,267.0
664c8dd7baa052f7b1e88417,prompt-to-image,1,3,7,Generate an image of fish swimming through the indian ocean,"[21,34]","[46,59]",58,1756230666989,1756230667053,e,69, daily, physical-keyboard,56,0,1,1,64.0,203.0,214.0,341.0
664c8dd7baa052f7b1e88417,prompt-to-image,1,3,7,Generate an image of fish swimming through the indian ocean,"[21,34]","[46,59]",59,1756230667238,1756230667330,a,65, daily, physical-keyboard,57,0,1,1,92.0,249.0,277.0,370.0
664c8dd7baa052f7b1e88417,prompt-to-image,1,3,7,Generate an image of fish swimming through the indian ocean,"[21,34]","[46,59]",60,1756230667549,1756230667608,n,78, daily, physical-keyboard,58,0,1,1,59.0,311.0,278.0,
