PARTICIPANT_ID,EXPERIMENTTYPE,EXPERIMENTATTEMPT,TOTALATTEMPTCOUNT,LATINSQUARETYPE,PROMPT,CONFIDENT,UNCONFIDENT,KEYSTROKE_ID,PRESS_TIME,RELEASE_TIME,LETTER,KEYCODE,FREQUENCY,INPUTMETHOD,PROMPT_CHAR,CONFIDENT_MARKED_CHAR,UNCONFIDENT_MARKED_CHAR,WORD,D1U1,D1D2,U1U2,D1U2
5adae3ebdec767000128c131,prompt-to-text,1,2,3,This was the best result they could ask for .Was she sure he had done his best.,"[0,43]","[45,79]",0,1755620258450,1755620258905,Shift,16, never, physical-keyboard,0,1,0,1,455.0,,,399.0
5adae3ebdec767000128c131,prompt-to-text,1,2,3,This was the best result they could ask for .Was she sure he had done his best.,"[0,43]","[45,79]",1,1755620258714,1755620258849,T,84, never, physical-keyboard,0,1,0,1,135.0,264.0,,583.0
5adae3ebdec767000128c131,prompt-to-text,1,2,3,This was the best result they could ask for .Was she sure he had done his best.,"[0,43]","[45,79]",2,1755620259194,1755620259297,h,72, never, physical-keyboard,1,1,0,1,103.0,480.0,448.0,815.0
5adae3ebdec767000128c131,prompt-to-text,1,2,3,This was the best result they could ask for .Was she sure he had done his best.,"[0,43]","[45,79]",3,1755620259850,1755620260009,i,73, never, physical-keyboard,2,1,0,1,159.0,656.0,712.0,440.0
5adae3ebdec767000128c131,prompt-to-text,1,2,3,This was the best result they could ask for .Was she sure he had done his best.,"[0,43]","[45,79]",4,1755620260145,1755620260290,s,83, never, physical-keyboard,3,1,0,1,145.0,295.0,281.0,329.0
5adae3ebdec767000128c131,prompt-to-text,1,2,3,This was the best result they could ask for .Was she sure he had done his best.,"[0,43]","[45,79]",5,1755620260345,1755620260474, ,32, never, physical-keyboard,4,1,0,0,129.0,200.0,184.0,448.0
5adae3ebdec767000128c131,prompt-to-text,1,2,3,This was the best result they could ask for .Was she sure he had done his best.,"[0,43]","[45,79]",6,1755620260706,1755620260793,w,87, never, physical-keyboard,5,1,0,1,87.0,361.0,319.0,376.0
5adae3ebdec767000128c131,prompt-to-text,1,2,3,This was the best result they could ask for .Was she sure he had done his best.,"[0,43]","[45,79]",7,1755620260985,1755620261082,a,65, never, physical-keyboard,6,1,0,1,97.0,279.0,289.0,352.0
5adae3ebdec767000128c131,prompt-to-text,1,2,3,This was the best result they could ask for .Was she sure he had done his best.,"[0,43]","[45,79]",8,1755620261217,1755620261337,s,83, never, physical-keyboard,7,1,0,1,120.0,232.0,255.0,337.0
5adae3ebdec767000128c131,prompt-to-text,1,2,3,This was the best result they could ask for .Was she sure he had done his best.,"[0,43]","[45,79]",9,1755620261410,1755620261554, ,32, never, physical-keyboard,8,1,0,0,144.0,193.0,217.0,615.0
5adae3ebdec767000128c131,prompt-to-text,1,2,3,This was the best result they could ask for .Was she sure he had done his best.,"[0,43]","[45,79]",10,1755620261897,1755620262025,t,84, never, physical-keyboard,9,1,0,1,128.0,487.0,471.0,328.0
5adae3ebdec767000128c131,prompt-to-text,1,2,3,This was the best result they could ask for .Was she sure he had done his best.,"[0,43]","[45,79]",11,1755620262105,1755620262225,h,72, never, physical-keyboard,10,1,0,1,120.0,208.0,200.0,552.0
5adae3ebdec767000128c131,prompt-to-text,1,2,3,This was the best result they could ask for .Was she sure he had done his best.,"[0,43]","[45,79]",12,1755620262529,1755620262657,e,69, never, physical-keyboard,11,1,0,1,128.0,424.0,432.0,329.0
5adae3ebdec767000128c131,prompt-to-text,1,2,3,This was the best result they could ask for .Was she sure he had done his best.,"[0,43]","[45,79]",13,1755620262729,1755620262858, ,32, never, physical-keyboard,12,1,0,0,129.0,200.0,201.0,768.0
5adae3ebdec767000128c131,prompt-to-text,1,2,3,This was the best result they could ask for .Was she sure he had done his best.,"[0,43]","[45,79]",14,1755620263377,1755620263497,b,66, never, physical-keyboard,13,1,0,1,120.0,648.0,639.0,432.0
5adae3ebdec767000128c131,prompt-to-text,1,2,3,This was the best result they could ask for .Was she sure he had done his best.,"[0,43]","[45,79]",15,1755620263657,1755620263809,e,69, never, physical-keyboard,14,1,0,1,152.0,280.0,312.0,497.0
5adae3ebdec767000128c131,prompt-to-text,1,2,3,This was the best result they could ask for .Was she sure he had done his best.,"[0,43]","[45,79]",16,1755620264041,1755620264154,s,83, never, physical-keyboard,15,1,0,1,113.0,384.0,345.0,536.0
5adae3ebdec767000128c131,prompt-to-text,1,2,3,This was the best result they could ask for .Was she sure he had done his best.,"[0,43]","[45,79]",17,1755620264465,1755620264577,t,84, never, physical-keyboard,16,1,0,1,112.0,424.0,423.0,305.0
5adae3ebdec767000128c131,prompt-to-text,1,2,3,This was the best result they could ask for .Was she sure he had done his best.,"[0,43]","[45,79]",18,1755620264650,1755620264770, ,32, never, physical-keyboard,17,1,0,0,120.0,185.0,193.0,360.0
5adae3ebdec767000128c131,prompt-to-text,1,2,3,This was the best result they could ask for .Was she sure he had done his best.,"[0,43]","[45,79]",19,1755620264882,1755620265010,r,82, never, physical-keyboard,18,1,0,1,128.0,232.0,240.0,447.0
5adae3ebdec767000128c131,prompt-to-text,1,2,3,This was the best result they could ask for .Was she sure he had done his best.,"[0,43]","[45,79]",20,1755620265193,1755620265329,e,69, never, physical-keyboard,19,1,0,1,136.0,311.0,319.0,600.0
5adae3ebdec767000128c131,prompt-to-text,1,2,3,This was the best result they could ask for .Was she sure he had done his best.,"[0,43]","[45,79]",21,1755620265657,1755620265793,s,83, never, physical-keyboard,20,1,0,1,136.0,464.0,464.0,552.0
5adae3ebdec767000128c131,prompt-to-text,1,2,3,This was the best result they could ask for .Was she sure he had done his best.,"[0,43]","[45,79]",22,1755620266105,1755620266209,u,85, never, physical-keyboard,21,1,0,1,104.0,448.0,416.0,496.0
5adae3ebdec767000128c131,prompt-to-text,1,2,3,This was the best result they could ask for .Was she sure he had done his best.,"[0,43]","[45,79]",23,1755620266481,1755620266601,l,76, never, physical-keyboard,22,1,0,1,120.0,376.0,392.0,544.0
5adae3ebdec767000128c131,prompt-to-text,1,2,3,This was the best result they could ask for .Was she sure he had done his best.,"[0,43]","[45,79]",24,1755620266890,1755620267025,t,84, never, physical-keyboard,23,1,0,1,135.0,409.0,424.0,335.0
5adae3ebdec767000128c131,prompt-to-text,1,2,3,This was the best result they could ask for .Was she sure he had done his best.,"[0,43]","[45,79]",25,1755620267105,1755620267225, ,32, never, physical-keyboard,24,1,0,0,120.0,215.0,200.0,496.0
5adae3ebdec767000128c131,prompt-to-text,1,2,3,This was the best result they could ask for .Was she sure he had done his best.,"[0,43]","[45,79]",26,1755620267474,1755620267601,t,84, never, physical-keyboard,25,1,0,1,127.0,369.0,376.0,311.0
5adae3ebdec767000128c131,prompt-to-text,1,2,3,This was the best result they could ask for .Was she sure he had done his best.,"[0,43]","[45,79]",27,1755620267657,1755620267785,h,72, never, physical-keyboard,26,1,0,1,128.0,183.0,184.0,608.0
5adae3ebdec767000128c131,prompt-to-text,1,2,3,This was the best result they could ask for .Was she sure he had done his best.,"[0,43]","[45,79]",28,1755620268106,1755620268265,e,69, never, physical-keyboard,27,1,0,1,159.0,449.0,480.0,551.0
5adae3ebdec767000128c131,prompt-to-text,1,2,3,This was the best result they could ask for .Was she sure he had done his best.,"[0,43]","[45,79]",29,1755620268529,1755620268657,y,89, never, physical-keyboard,28,1,0,1,128.0,423.0,392.0,384.0
5adae3ebdec767000128c131,prompt-to-text,1,2,3,This was the best result they could ask for .Was she sure he had done his best.,"[0,43]","[45,79]",30,1755620268777,1755620268913, ,32, never, physical-keyboard,29,1,0,0,136.0,248.0,256.0,624.0
5adae3ebdec767000128c131,prompt-to-text,1,2,3,This was the best result they could ask for .Was she sure he had done his best.,"[0,43]","[45,79]",31,1755620269226,1755620269401,c,67, never, physical-keyboard,30,1,0,1,175.0,449.0,488.0,559.0
5adae3ebdec767000128c131,prompt-to-text,1,2,3,This was the best result they could ask for .Was she sure he had done his best.,"[0,43]","[45,79]",32,1755620269665,1755620269785,o,79, never, physical-keyboard,31,1,0,1,120.0,439.0,384.0,416.0
5adae3ebdec767000128c131,prompt-to-text,1,2,3,This was the best result they could ask for .Was she sure he had done his best.,"[0,43]","[45,79]",33,1755620269969,1755620270081,u,85, never, physical-keyboard,32,1,0,1,112.0,304.0,296.0,528.0
5adae3ebdec767000128c131,prompt-to-text,1,2,3,This was the best result they could ask for .Was she sure he had done his best.,"[0,43]","[45,79]",34,1755620270370,1755620270497,l,76, never, physical-keyboard,33,1,0,1,127.0,401.0,416.0,583.0
5adae3ebdec767000128c131,prompt-to-text,1,2,3,This was the best result they could ask for .Was she sure he had done his best.,"[0,43]","[45,79]",35,1755620270817,1755620270953,d,68, never, physical-keyboard,34,1,0,1,136.0,447.0,456.0,360.0
5adae3ebdec767000128c131,prompt-to-text,1,2,3,This was the best result they could ask for .Was she sure he had done his best.,"[0,43]","[45,79]",36,1755620271049,1755620271177, ,32, never, physical-keyboard,35,1,0,0,128.0,232.0,224.0,424.0
5adae3ebdec767000128c131,prompt-to-text,1,2,3,This was the best result they could ask for .Was she sure he had done his best.,"[0,43]","[45,79]",37,1755620271361,1755620271473,a,65, never, physical-keyboard,36,1,0,1,112.0,312.0,296.0,400.0
5adae3ebdec767000128c131,prompt-to-text,1,2,3,This was the best result they could ask for .Was she sure he had done his best.,"[0,43]","[45,79]",38,1755620271625,1755620271761,s,83, never, physical-keyboard,37,1,0,1,136.0,264.0,288.0,656.0
5adae3ebdec767000128c131,prompt-to-text,1,2,3,This was the best result they could ask for .Was she sure he had done his best.,"[0,43]","[45,79]",39,1755620272137,1755620272281,k,75, never, physical-keyboard,38,1,0,1,144.0,512.0,520.0,400.0
5adae3ebdec767000128c131,prompt-to-text,1,2,3,This was the best result they could ask for .Was she sure he had done his best.,"[0,43]","[45,79]",40,1755620272385,1755620272537, ,32, never, physical-keyboard,39,1,0,0,152.0,248.0,256.0,464.0
5adae3ebdec767000128c131,prompt-to-text,1,2,3,This was the best result they could ask for .Was she sure he had done his best.,"[0,43]","[45,79]",41,1755620272681,1755620272849,f,70, never, physical-keyboard,40,1,0,1,168.0,296.0,312.0,488.0
5adae3ebdec767000128c131,prompt-to-text,1,2,3,This was the best result they could ask for .Was she sure he had done his best.,"[0,43]","[45,79]",42,1755620273033,1755620273169,o,79, never, physical-keyboard,41,1,0,1,136.0,352.0,320.0,528.0
5adae3ebdec767000128c131,prompt-to-text,1,2,3,This was the best result they could ask for .Was she sure he had done his best.,"[0,43]","[45,79]",43,1755620273361,1755620273561,r,82, never, physical-keyboard,42,1,0,1,200.0,328.0,392.0,480.0
5adae3ebdec767000128c131,prompt-to-text,1,2,3,This was the best result they could ask for .Was she sure he had done his best.,"[0,43]","[45,79]",44,1755620273689,1755620273841, ,32, never, physical-keyboard,43,1,0,0,152.0,328.0,280.0,1664.0
5adae3ebdec767000128c131,prompt-to-text,1,2,3,This was the best result they could ask for .Was she sure he had done his best.,"[0,43]","[45,79]",45,1755620275209,1755620275353,.,190, never, physical-keyboard,44,0,0,1,144.0,1520.0,1512.0,1552.0
5adae3ebdec767000128c131,prompt-to-text,1,2,3,This was the best result they could ask for .Was she sure he had done his best.,"[0,43]","[45,79]",46,1755620276401,1755620276761,Shift,16, never, physical-keyboard,45,0,1,1,360.0,1192.0,1408.0,312.0
5adae3ebdec767000128c131,prompt-to-text,1,2,3,This was the best result they could ask for .Was she sure he had done his best.,"[0,43]","[45,79]",47,1755620276618,1755620276713,W,87, never, physical-keyboard,45,0,1,1,95.0,217.0,,415.0
5adae3ebdec767000128c131,prompt-to-text,1,2,3,This was the best result they could ask for .Was she sure he had done his best.,"[0,43]","[45,79]",48,1755620276945,1755620277033,a,65, never, physical-keyboard,46,0,1,1,88.0,327.0,320.0,320.0
5adae3ebdec767000128c131,prompt-to-text,1,2,3,This was the best result they could ask for .Was she sure he had done his best.,"[0,43]","[45,79]",49,1755620277177,1755620277265,s,83, never, physical-keyboard,47,0,1,1,88.0,232.0,232.0,504.0
5adae3ebdec767000128c131,prompt-to-text,1,2,3,This was the best result they could ask for .Was she sure he had done his best.,"[0,43]","[45,79]",50,1755620277538,1755620277681, ,32, never, physical-keyboard,48,0,1,0,143.0,361.0,416.0,551.0
5adae3ebdec767000128c131,prompt-to-text,1,2,3,This was the best result they could ask for .Was she sure he had done his best.,"[0,43]","[45,79]",51,1755620277945,1755620278089,s,83, never, physical-keyboard,49,0,1,1,144.0,407.0,408.0,368.0
5adae3ebdec767000128c131,prompt-to-text,1,2,3,This was the best result they could ask for .Was she sure he had done his best.,"[0,43]","[45,79]",52,1755620278193,1755620278313,h,72, never, physical-keyboard,50,0,1,1,120.0,248.0,224.0,536.0
5adae3ebdec767000128c131,prompt-to-text,1,2,3,This was the best result they could ask for .Was she sure he had done his best.,"[0,43]","[45,79]",53,1755620278601,1755620278729,e,69, never, physical-keyboard,51,0,1,1,128.0,408.0,416.0,352.0
5adae3ebdec767000128c131,prompt-to-text,1,2,3,This was the best result they could ask for .Was she sure he had done his best.,"[0,43]","[45,79]",54,1755620278841,1755620278953, ,32, never, physical-keyboard,52,0,1,0,112.0,240.0,224.0,416.0
5adae3ebdec767000128c131,prompt-to-text,1,2,3,This was the best result they could ask for .Was she sure he had done his best.,"[0,43]","[45,79]",55,1755620279073,1755620279257,s,83, never, physical-keyboard,53,0,1,1,184.0,232.0,304.0,576.0
5adae3ebdec767000128c131,prompt-to-text,1,2,3,This was the best result they could ask for .Was she sure he had done his best.,"[0,43]","[45,79]",56,1755620279529,1755620279649,u,85, never, physical-keyboard,54,0,1,1,120.0,456.0,392.0,455.0
5adae3ebdec767000128c131,prompt-to-text,1,2,3,This was the best result they could ask for .Was she sure he had done his best.,"[0,43]","[45,79]",57,1755620279873,1755620279984,r,82, never, physical-keyboard,55,0,1,1,111.0,344.0,335.0,440.0
5adae3ebdec767000128c131,prompt-to-text,1,2,3,This was the best result they could ask for .Was she sure he had done his best.,"[0,43]","[45,79]",58,1755620280161,1755620280313,e,69, never, physical-keyboard,56,0,1,1,152.0,288.0,329.0,359.0
5adae3ebdec767000128c131,prompt-to-text,1,2,3,This was the best result they could ask for .Was she sure he had done his best.,"[0,43]","[45,79]",59,1755620280385,1755620280520, ,32, never, physical-keyboard,57,0,1,0,135.0,224.0,207.0,536.0
5adae3ebdec767000128c131,prompt-to-text,1,2,3,This was the best result they could ask for .Was she sure he had done his best.,"[0,43]","[45,79]",60,1755620280801,1755620280921,h,72, never, physical-keyboard,58,0,1,1,120.0,416.0,401.0,464.0
5adae3ebdec767000128c131,prompt-to-text,1,2,3,This was the best result they could ask for .Was she sure he had done his best.,"[0,43]","[45,79]",61,1755620281121,1755620281265,e,69, never, physical-keyboard,59,0,1,1,144.0,320.0,344.0,320.0
5adae3ebdec767000128c131,prompt-to-text,1,2,3,This was the best result they could ask for .Was she sure he had done his best.,"[0,43]","[45,79]",62,1755620281320,1755620281441, ,32, never, physical-keyboard,60,0,1,0,121.0,199.0,176.0,441.0
5adae3ebdec767000128c131,prompt-to-text,1,2,3,This was the best result they could ask for .Was she sure he had done his best.,"[0,43]","[45,79]",63,1755620281641,1755620281761,h,72, never, physical-keyboard,61,0,1,1,120.0,321.0,320.0,488.0
5adae3ebdec767000128c131,prompt-to-text,1,2,3,This was the best result they could ask for .Was she sure he had done his best.,"[0,43]","[45,79]",64,1755620282001,1755620282129,a,65, never, physical-keyboard,62,0,1,1,128.0,360.0,368.0,496.0
5adae3ebdec767000128c131,prompt-to-text,1,2,3,This was the best result they could ask for .Was she sure he had done his best.,"[0,43]","[45,79]",65,1755620282377,1755620282497,d,68, never, physical-keyboard,63,0,1,1,120.0,376.0,368.0,352.0
5adae3ebdec767000128c131,prompt-to-text,1,2,3,This was the best result they could ask for .Was she sure he had done his best.,"[0,43]","[45,79]",66,1755620282577,1755620282729, ,32, never, physical-keyboard,64,0,1,0,152.0,200.0,232.0,543.0
5adae3ebdec767000128c131,prompt-to-text,1,2,3,This was the best result they could ask for .Was she sure he had done his best.,"[0,43]","[45,79]",67,1755620282953,1755620283120,d,68, never, physical-keyboard,65,0,1,1,167.0,376.0,391.0,472.0
5adae3ebdec767000128c131,prompt-to-text,1,2,3,This was the best result they could ask for .Was she sure he had done his best.,"[0,43]","[45,79]",68,1755620283305,1755620283425,o,79, never, physical-keyboard,66,0,1,1,120.0,352.0,305.0,600.0
5adae3ebdec767000128c131,prompt-to-text,1,2,3,This was the best result they could ask for .Was she sure he had done his best.,"[0,43]","[45,79]",69,1755620283785,1755620283905,n,78, never, physical-keyboard,67,0,1,1,120.0,480.0,480.0,495.0
5adae3ebdec767000128c131,prompt-to-text,1,2,3,This was the best result they could ask for .Was she sure he had done his best.,"[0,43]","[45,79]",70,1755620284121,1755620284280,e,69, never, physical-keyboard,68,0,1,1,159.0,336.0,375.0,367.0
5adae3ebdec767000128c131,prompt-to-text,1,2,3,This was the best result they could ask for .Was she sure he had done his best.,"[0,43]","[45,79]",71,1755620284360,1755620284488, ,32, never, physical-keyboard,69,0,1,0,128.0,239.0,208.0,689.0
5adae3ebdec767000128c131,prompt-to-text,1,2,3,This was the best result they could ask for .Was she sure he had done his best.,"[0,43]","[45,79]",72,1755620284888,1755620285049,h,72, never, physical-keyboard,70,0,1,1,161.0,528.0,561.0,457.0
5adae3ebdec767000128c131,prompt-to-text,1,2,3,This was the best result they could ask for .Was she sure he had done his best.,"[0,43]","[45,79]",73,1755620285209,1755620285345,i,73, never, physical-keyboard,71,0,1,1,136.0,321.0,296.0,728.0
5adae3ebdec767000128c131,prompt-to-text,1,2,3,This was the best result they could ask for .Was she sure he had done his best.,"[0,43]","[45,79]",74,1755620285793,1755620285937,s,83, never, physical-keyboard,72,0,1,1,144.0,584.0,592.0,343.0
5adae3ebdec767000128c131,prompt-to-text,1,2,3,This was the best result they could ask for .Was she sure he had done his best.,"[0,43]","[45,79]",75,1755620285992,1755620286136, ,32, never, physical-keyboard,73,0,1,0,144.0,199.0,199.0,528.0
5adae3ebdec767000128c131,prompt-to-text,1,2,3,This was the best result they could ask for .Was she sure he had done his best.,"[0,43]","[45,79]",76,1755620286361,1755620286520,b,66, never, physical-keyboard,74,0,1,1,159.0,369.0,384.0,560.0
5adae3ebdec767000128c131,prompt-to-text,1,2,3,This was the best result they could ask for .Was she sure he had done his best.,"[0,43]","[45,79]",77,1755620286777,1755620286921,e,69, never, physical-keyboard,75,0,1,1,144.0,416.0,401.0,720.0
5adae3ebdec767000128c131,prompt-to-text,1,2,3,This was the best result they could ask for .Was she sure he had done his best.,"[0,43]","[45,79]",78,1755620287329,1755620287497,s,83, never, physical-keyboard,76,0,1,1,168.0,552.0,576.0,592.0
5adae3ebdec767000128c131,prompt-to-text,1,2,3,This was the best result they could ask for .Was she sure he had done his best.,"[0,43]","[45,79]",79,1755620287777,1755620287921,t,84, never, physical-keyboard,77,0,1,1,144.0,448.0,424.0,832.0
5adae3ebdec767000128c131,prompt-to-text,1,2,3,This was the best result they could ask for .Was she sure he had done his best.,"[0,43]","[45,79]",80,1755620288472,1755620288609,.,190, never, physical-keyboard,78,0,1,1,137.0,695.0,688.0,
