PARTICIPANT_ID,EXPERIMENTTYPE,EXPERIMENTATTEMPT,TOTALATTEMPTCOUNT,LATINSQUARETYPE,PROMPT,CONFIDENT,UNCONFIDENT,KEYSTROKE_ID,PRESS_TIME,RELEASE_TIME,LETTER,KEYCODE,FREQUENCY,INPUTMETHOD,PROMPT_CHAR,CONFIDENT_MARKED_CHAR,UNCONFIDENT_MARKED_CHAR,WORD,D1U1,D1D2,U1U2,D1U2
6635344fb4ae723326e3ce04,prompt-to-image,0,1,7,Create a nice image for my daughter´s birthday,"[24,46]","[9,13]",0,1756214476121,1756214476418,Shift,16, daily, physical-keyboard,0,0,0,1,297.0,,,248.0
6635344fb4ae723326e3ce04,prompt-to-image,0,1,7,Create a nice image for my daughter´s birthday,"[24,46]","[9,13]",1,1756214476275,1756214476369,C,67, daily, physical-keyboard,0,0,0,1,94.0,154.0,,410.0
6635344fb4ae723326e3ce04,prompt-to-image,0,1,7,Create a nice image for my daughter´s birthday,"[24,46]","[9,13]",2,1756214476593,1756214476685,r,82, daily, physical-keyboard,1,0,0,1,92.0,318.0,316.0,286.0
6635344fb4ae723326e3ce04,prompt-to-image,0,1,7,Create a nice image for my daughter´s birthday,"[24,46]","[9,13]",3,1756214476800,1756214476879,e,69, daily, physical-keyboard,2,0,0,1,79.0,207.0,194.0,332.0
6635344fb4ae723326e3ce04,prompt-to-image,0,1,7,Create a nice image for my daughter´s birthday,"[24,46]","[9,13]",4,1756214476985,1756214477132,a,65, daily, physical-keyboard,3,0,0,1,147.0,185.0,253.0,599.0
6635344fb4ae723326e3ce04,prompt-to-image,0,1,7,Create a nice image for my daughter´s birthday,"[24,46]","[9,13]",5,1756214477503,1756214477584,t,84, daily, physical-keyboard,4,0,0,1,81.0,518.0,452.0,230.0
6635344fb4ae723326e3ce04,prompt-to-image,0,1,7,Create a nice image for my daughter´s birthday,"[24,46]","[9,13]",6,1756214477650,1756214477733,e,69, daily, physical-keyboard,5,0,0,1,83.0,147.0,149.0,362.0
6635344fb4ae723326e3ce04,prompt-to-image,0,1,7,Create a nice image for my daughter´s birthday,"[24,46]","[9,13]",7,1756214477890,1756214478012, ,32, daily, physical-keyboard,6,0,0,0,122.0,240.0,279.0,405.0
6635344fb4ae723326e3ce04,prompt-to-image,0,1,7,Create a nice image for my daughter´s birthday,"[24,46]","[9,13]",8,1756214478173,1756214478295,a,65, daily, physical-keyboard,7,0,0,1,122.0,283.0,283.0,275.0
6635344fb4ae723326e3ce04,prompt-to-image,0,1,7,Create a nice image for my daughter´s birthday,"[24,46]","[9,13]",9,1756214478316,1756214478448, ,32, daily, physical-keyboard,8,0,0,0,132.0,143.0,153.0,6338.0
6635344fb4ae723326e3ce04,prompt-to-image,0,1,7,Create a nice image for my daughter´s birthday,"[24,46]","[9,13]",10,1756214484554,1756214484654,n,78, daily, physical-keyboard,9,0,1,1,100.0,6238.0,6206.0,408.0
6635344fb4ae723326e3ce04,prompt-to-image,0,1,7,Create a nice image for my daughter´s birthday,"[24,46]","[9,13]",11,1756214484882,1756214484962,i,73, daily, physical-keyboard,10,0,1,1,80.0,328.0,308.0,593.0
6635344fb4ae723326e3ce04,prompt-to-image,0,1,7,Create a nice image for my daughter´s birthday,"[24,46]","[9,13]",12,1756214485390,1756214485475,c,67, daily, physical-keyboard,11,0,1,1,85.0,508.0,513.0,329.0
6635344fb4ae723326e3ce04,prompt-to-image,0,1,7,Create a nice image for my daughter´s birthday,"[24,46]","[9,13]",13,1756214485634,1756214485719,e,69, daily, physical-keyboard,12,0,1,1,85.0,244.0,244.0,705.0
6635344fb4ae723326e3ce04,prompt-to-image,0,1,7,Create a nice image for my daughter´s birthday,"[24,46]","[9,13]",14,1756214486214,1756214486339, ,32, daily, physical-keyboard,13,0,1,0,125.0,580.0,620.0,1095.0
6635344fb4ae723326e3ce04,prompt-to-image,0,1,7,Create a nice image for my daughter´s birthday,"[24,46]","[9,13]",15,1756214487230,1756214487309,i,73, daily, physical-keyboard,14,0,0,1,79.0,1016.0,970.0,376.0
6635344fb4ae723326e3ce04,prompt-to-image,0,1,7,Create a nice image for my daughter´s birthday,"[24,46]","[9,13]",16,1756214487514,1756214487606,m,77, daily, physical-keyboard,15,0,0,1,92.0,284.0,297.0,391.0
6635344fb4ae723326e3ce04,prompt-to-image,0,1,7,Create a nice image for my daughter´s birthday,"[24,46]","[9,13]",17,1756214487775,1756214487905,a,65, daily, physical-keyboard,16,0,0,1,130.0,261.0,299.0,455.0
6635344fb4ae723326e3ce04,prompt-to-image,0,1,7,Create a nice image for my daughter´s birthday,"[24,46]","[9,13]",18,1756214488149,1756214488230,g,71, daily, physical-keyboard,17,0,0,1,81.0,374.0,325.0,232.0
6635344fb4ae723326e3ce04,prompt-to-image,0,1,7,Create a nice image for my daughter´s birthday,"[24,46]","[9,13]",19,1756214488303,1756214488381,e,69, daily, physical-keyboard,18,0,0,1,78.0,154.0,151.0,301.0
6635344fb4ae723326e3ce04,prompt-to-image,0,1,7,Create a nice image for my daughter´s birthday,"[24,46]","[9,13]",20,1756214488481,1756214488604, ,32, daily, physical-keyboard,19,0,0,0,123.0,178.0,223.0,1425.0
6635344fb4ae723326e3ce04,prompt-to-image,0,1,7,Create a nice image for my daughter´s birthday,"[24,46]","[9,13]",21,1756214489832,1756214489906,f,70, daily, physical-keyboard,20,0,0,1,74.0,1351.0,1302.0,329.0
6635344fb4ae723326e3ce04,prompt-to-image,0,1,7,Create a nice image for my daughter´s birthday,"[24,46]","[9,13]",22,1756214490082,1756214490161,o,79, daily, physical-keyboard,21,0,0,1,79.0,250.0,255.0,380.0
6635344fb4ae723326e3ce04,prompt-to-image,0,1,7,Create a nice image for my daughter´s birthday,"[24,46]","[9,13]",23,1756214490387,1756214490462,r,82, daily, physical-keyboard,22,0,0,1,75.0,305.0,301.0,301.0
6635344fb4ae723326e3ce04,prompt-to-image,0,1,7,Create a nice image for my daughter´s birthday,"[24,46]","[9,13]",24,1756214490570,1756214490688, ,32, daily, physical-keyboard,23,0,0,0,118.0,183.0,226.0,377.0
6635344fb4ae723326e3ce04,prompt-to-image,0,1,7,Create a nice image for my daughter´s birthday,"[24,46]","[9,13]",25,1756214490851,1756214490947,m,77, daily, physical-keyboard,24,1,0,1,96.0,281.0,259.0,588.0
6635344fb4ae723326e3ce04,prompt-to-image,0,1,7,Create a nice image for my daughter´s birthday,"[24,46]","[9,13]",26,1756214491371,1756214491439,y,89, daily, physical-keyboard,25,1,0,1,68.0,520.0,492.0,314.0
6635344fb4ae723326e3ce04,prompt-to-image,0,1,7,Create a nice image for my daughter´s birthday,"[24,46]","[9,13]",27,1756214491570,1756214491685, ,32, daily, physical-keyboard,26,1,0,0,115.0,199.0,246.0,553.0
6635344fb4ae723326e3ce04,prompt-to-image,0,1,7,Create a nice image for my daughter´s birthday,"[24,46]","[9,13]",28,1756214492038,1756214492123,d,68, daily, physical-keyboard,27,1,0,1,85.0,468.0,438.0,293.0
6635344fb4ae723326e3ce04,prompt-to-image,0,1,7,Create a nice image for my daughter´s birthday,"[24,46]","[9,13]",29,1756214492211,1756214492331,a,65, daily, physical-keyboard,28,1,0,1,120.0,173.0,208.0,814.0
6635344fb4ae723326e3ce04,prompt-to-image,0,1,7,Create a nice image for my daughter´s birthday,"[24,46]","[9,13]",30,1756214492935,1756214493025,u,85, daily, physical-keyboard,29,1,0,1,90.0,724.0,694.0,3335.0
6635344fb4ae723326e3ce04,prompt-to-image,0,1,7,Create a nice image for my daughter´s birthday,"[24,46]","[9,13]",31,1756214496196,1756214496270,g,71, daily, physical-keyboard,30,1,0,1,74.0,3261.0,3245.0,342.0
6635344fb4ae723326e3ce04,prompt-to-image,0,1,7,Create a nice image for my daughter´s birthday,"[24,46]","[9,13]",32,1756214496443,1756214496538,h,72, daily, physical-keyboard,31,1,0,1,95.0,247.0,268.0,398.0
6635344fb4ae723326e3ce04,prompt-to-image,0,1,7,Create a nice image for my daughter´s birthday,"[24,46]","[9,13]",33,1756214496764,1756214496841,t,84, daily, physical-keyboard,32,1,0,1,77.0,321.0,303.0,265.0
6635344fb4ae723326e3ce04,prompt-to-image,0,1,7,Create a nice image for my daughter´s birthday,"[24,46]","[9,13]",34,1756214496947,1756214497029,e,69, daily, physical-keyboard,33,1,0,1,82.0,183.0,188.0,255.0
6635344fb4ae723326e3ce04,prompt-to-image,0,1,7,Create a nice image for my daughter´s birthday,"[24,46]","[9,13]",35,1756214497123,1756214497202,r,82, daily, physical-keyboard,34,1,0,1,79.0,176.0,173.0,4122.0
6635344fb4ae723326e3ce04,prompt-to-image,0,1,7,Create a nice image for my daughter´s birthday,"[24,46]","[9,13]",36,1756214501169,1756214501245,.,190, daily, physical-keyboard,34,1,0,1,76.0,4046.0000000000005,4043.0,416.0
6635344fb4ae723326e3ce04,prompt-to-image,0,1,7,Create a nice image for my daughter´s birthday,"[24,46]","[9,13]",37,1756214501470,1756214501585,s,83, daily, physical-keyboard,34,1,0,1,115.0,301.0,340.0,1459.0
6635344fb4ae723326e3ce04,prompt-to-image,0,1,7,Create a nice image for my daughter´s birthday,"[24,46]","[9,13]",38,1756214502838,1756214502929,Backspace,8, daily, physical-keyboard,34,1,0,1,91.0,1368.0,1344.0,284.0
6635344fb4ae723326e3ce04,prompt-to-image,0,1,7,Create a nice image for my daughter´s birthday,"[24,46]","[9,13]",39,1756214503044,1756214503122,Backspace,8, daily, physical-keyboard,34,1,0,1,78.0,206.0,193.0,262.0
6635344fb4ae723326e3ce04,prompt-to-image,0,1,7,Create a nice image for my daughter´s birthday,"[24,46]","[9,13]",40,1756214503247,1756214503306,Backspace,8, daily, physical-keyboard,34,1,0,1,59.0,203.0,184.0,1140.0
6635344fb4ae723326e3ce04,prompt-to-image,0,1,7,Create a nice image for my daughter´s birthday,"[24,46]","[9,13]",41,1756214504312,1756214504387,r,82, daily, physical-keyboard,34,1,0,1,75.0,1065.0,1081.0,2868.0
6635344fb4ae723326e3ce04,prompt-to-image,0,1,7,Create a nice image for my daughter´s birthday,"[24,46]","[9,13]",42,1756214507052,1756214507180,Dead,222, daily, physical-keyboard,-1,0,0,0,128.0,2740.0,2793.0,1431.0
6635344fb4ae723326e3ce04,prompt-to-image,0,1,7,Create a nice image for my daughter´s birthday,"[24,46]","[9,13]",43,1756214508403,1756214508483,s,83, daily, physical-keyboard,36,1,0,1,80.0,1351.0,1303.0,1268.0
6635344fb4ae723326e3ce04,prompt-to-image,0,1,7,Create a nice image for my daughter´s birthday,"[24,46]","[9,13]",44,1756214509559,1756214509671, ,32, daily, physical-keyboard,37,1,0,0,112.0,1156.0,1188.0,5928.0
6635344fb4ae723326e3ce04,prompt-to-image,0,1,7,Create a nice image for my daughter´s birthday,"[24,46]","[9,13]",45,1756214515401,1756214515487,b,66, daily, physical-keyboard,38,1,0,1,86.0,5842.0,5816.0,445.0
6635344fb4ae723326e3ce04,prompt-to-image,0,1,7,Create a nice image for my daughter´s birthday,"[24,46]","[9,13]",46,1756214515771,1756214515846,i,73, daily, physical-keyboard,39,1,0,1,75.0,370.0,359.0,579.0
6635344fb4ae723326e3ce04,prompt-to-image,0,1,7,Create a nice image for my daughter´s birthday,"[24,46]","[9,13]",47,1756214516278,1756214516350,r,82, daily, physical-keyboard,40,1,0,1,72.0,507.0,504.0,332.0
6635344fb4ae723326e3ce04,prompt-to-image,0,1,7,Create a nice image for my daughter´s birthday,"[24,46]","[9,13]",48,1756214516542,1756214516610,t,84, daily, physical-keyboard,41,1,0,1,68.0,264.0,260.0,1304.0
6635344fb4ae723326e3ce04,prompt-to-image,0,1,7,Create a nice image for my daughter´s birthday,"[24,46]","[9,13]",49,1756214517771,1756214517846,h,72, daily, physical-keyboard,42,1,0,1,75.0,1229.0,1236.0,1956.0
6635344fb4ae723326e3ce04,prompt-to-image,0,1,7,Create a nice image for my daughter´s birthday,"[24,46]","[9,13]",50,1756214519648,1756214519727,d,68, daily, physical-keyboard,43,1,0,1,79.0,1877.0,1881.0,243.0
6635344fb4ae723326e3ce04,prompt-to-image,0,1,7,Create a nice image for my daughter´s birthday,"[24,46]","[9,13]",51,1756214519811,1756214519891,a,65, daily, physical-keyboard,44,1,0,1,80.0,163.0,164.0,917.0
6635344fb4ae723326e3ce04,prompt-to-image,0,1,7,Create a nice image for my daughter´s birthday,"[24,46]","[9,13]",52,1756214520665,1756214520728,y,89, daily, physical-keyboard,45,1,0,1,63.0,854.0,837.0,
