PARTICIPANT_ID,EXPERIMENTTYPE,EXPERIMENTATTEMPT,TOTALATTEMPTCOUNT,LATINSQUARETYPE,PROMPT,CONFIDENT,UNCONFIDENT,KEYSTROKE_ID,PRESS_TIME,RELEASE_TIME,LETTER,KEYCODE,FREQUENCY,INPUTMETHOD,PROMPT_CHAR,CONFIDENT_MARKED_CHAR,UNCONFIDENT_MARKED_CHAR
6150ca3f37e1fe330f70311d,prompt-to-image,0,5,5,generate an image of donald trump investing in bitcoin. close sideways shot. investments are being made on XTB on an iphone 17,"[0,54]","[77,126]",0,1756283819829,1756283820026,g,71, rarely, physical-keyboard,0,1,0
6150ca3f37e1fe330f70311d,prompt-to-image,0,5,5,generate an image of donald trump investing in bitcoin. close sideways shot. investments are being made on XTB on an iphone 17,"[0,54]","[77,126]",1,1756283819949,1756283820115,e,69, rarely, physical-keyboard,1,1,0
6150ca3f37e1fe330f70311d,prompt-to-image,0,5,5,generate an image of donald trump investing in bitcoin. close sideways shot. investments are being made on XTB on an iphone 17,"[0,54]","[77,126]",2,1756283820266,1756283820479,n,78, rarely, physical-keyboard,2,1,0
6150ca3f37e1fe330f70311d,prompt-to-image,0,5,5,generate an image of donald trump investing in bitcoin. close sideways shot. investments are being made on XTB on an iphone 17,"[0,54]","[77,126]",3,1756283820437,1756283820615,e,69, rarely, physical-keyboard,3,1,0
6150ca3f37e1fe330f70311d,prompt-to-image,0,5,5,generate an image of donald trump investing in bitcoin. close sideways shot. investments are being made on XTB on an iphone 17,"[0,54]","[77,126]",4,1756283820536,1756283820715,r,82, rarely, physical-keyboard,4,1,0
6150ca3f37e1fe330f70311d,prompt-to-image,0,5,5,generate an image of donald trump investing in bitcoin. close sideways shot. investments are being made on XTB on an iphone 17,"[0,54]","[77,126]",5,1756283820799,1756283820990,a,65, rarely, physical-keyboard,5,1,0
6150ca3f37e1fe330f70311d,prompt-to-image,0,5,5,generate an image of donald trump investing in bitcoin. close sideways shot. investments are being made on XTB on an iphone 17,"[0,54]","[77,126]",6,1756283821045,1756283821219,r,82, rarely, physical-keyboard,6,1,0
6150ca3f37e1fe330f70311d,prompt-to-image,0,5,5,generate an image of donald trump investing in bitcoin. close sideways shot. investments are being made on XTB on an iphone 17,"[0,54]","[77,126]",7,1756283821804,1756283821953,Backspace,8, rarely, physical-keyboard,6,1,0
6150ca3f37e1fe330f70311d,prompt-to-image,0,5,5,generate an image of donald trump investing in bitcoin. close sideways shot. investments are being made on XTB on an iphone 17,"[0,54]","[77,126]",8,1756283821914,1756283822074,t,84, rarely, physical-keyboard,6,1,0
6150ca3f37e1fe330f70311d,prompt-to-image,0,5,5,generate an image of donald trump investing in bitcoin. close sideways shot. investments are being made on XTB on an iphone 17,"[0,54]","[77,126]",9,1756283821984,1756283822177,e,69, rarely, physical-keyboard,7,1,0
6150ca3f37e1fe330f70311d,prompt-to-image,0,5,5,generate an image of donald trump investing in bitcoin. close sideways shot. investments are being made on XTB on an iphone 17,"[0,54]","[77,126]",10,1756283822159,1756283822319, ,32, rarely, physical-keyboard,8,1,0
6150ca3f37e1fe330f70311d,prompt-to-image,0,5,5,generate an image of donald trump investing in bitcoin. close sideways shot. investments are being made on XTB on an iphone 17,"[0,54]","[77,126]",11,1756283822450,1756283822624,a,65, rarely, physical-keyboard,9,1,0
6150ca3f37e1fe330f70311d,prompt-to-image,0,5,5,generate an image of donald trump investing in bitcoin. close sideways shot. investments are being made on XTB on an iphone 17,"[0,54]","[77,126]",12,1756283822643,1756283822776,n,78, rarely, physical-keyboard,10,1,0
6150ca3f37e1fe330f70311d,prompt-to-image,0,5,5,generate an image of donald trump investing in bitcoin. close sideways shot. investments are being made on XTB on an iphone 17,"[0,54]","[77,126]",13,1756283822744,1756283822896, ,32, rarely, physical-keyboard,11,1,0
6150ca3f37e1fe330f70311d,prompt-to-image,0,5,5,generate an image of donald trump investing in bitcoin. close sideways shot. investments are being made on XTB on an iphone 17,"[0,54]","[77,126]",14,1756283822924,1756283823125,i,73, rarely, physical-keyboard,12,1,0
6150ca3f37e1fe330f70311d,prompt-to-image,0,5,5,generate an image of donald trump investing in bitcoin. close sideways shot. investments are being made on XTB on an iphone 17,"[0,54]","[77,126]",15,1756283823034,1756283823200,m,77, rarely, physical-keyboard,13,1,0
6150ca3f37e1fe330f70311d,prompt-to-image,0,5,5,generate an image of donald trump investing in bitcoin. close sideways shot. investments are being made on XTB on an iphone 17,"[0,54]","[77,126]",16,1756283823091,1756283823211,a,65, rarely, physical-keyboard,14,1,0
6150ca3f37e1fe330f70311d,prompt-to-image,0,5,5,generate an image of donald trump investing in bitcoin. close sideways shot. investments are being made on XTB on an iphone 17,"[0,54]","[77,126]",17,1756283823332,1756283823491,g,71, rarely, physical-keyboard,15,1,0
6150ca3f37e1fe330f70311d,prompt-to-image,0,5,5,generate an image of donald trump investing in bitcoin. close sideways shot. investments are being made on XTB on an iphone 17,"[0,54]","[77,126]",18,1756283823436,1756283823624,e,69, rarely, physical-keyboard,16,1,0
6150ca3f37e1fe330f70311d,prompt-to-image,0,5,5,generate an image of donald trump investing in bitcoin. close sideways shot. investments are being made on XTB on an iphone 17,"[0,54]","[77,126]",19,1756283823637,1756283823789, ,32, rarely, physical-keyboard,17,1,0
6150ca3f37e1fe330f70311d,prompt-to-image,0,5,5,generate an image of donald trump investing in bitcoin. close sideways shot. investments are being made on XTB on an iphone 17,"[0,54]","[77,126]",20,1756283823825,1756283823981,o,79, rarely, physical-keyboard,18,1,0
6150ca3f37e1fe330f70311d,prompt-to-image,0,5,5,generate an image of donald trump investing in bitcoin. close sideways shot. investments are being made on XTB on an iphone 17,"[0,54]","[77,126]",21,1756283824048,1756283824261,f,70, rarely, physical-keyboard,19,1,0
6150ca3f37e1fe330f70311d,prompt-to-image,0,5,5,generate an image of donald trump investing in bitcoin. close sideways shot. investments are being made on XTB on an iphone 17,"[0,54]","[77,126]",22,1756283824192,1756283824365, ,32, rarely, physical-keyboard,20,1,0
6150ca3f37e1fe330f70311d,prompt-to-image,0,5,5,generate an image of donald trump investing in bitcoin. close sideways shot. investments are being made on XTB on an iphone 17,"[0,54]","[77,126]",23,1756283824546,1756283824705,d,68, rarely, physical-keyboard,21,1,0
6150ca3f37e1fe330f70311d,prompt-to-image,0,5,5,generate an image of donald trump investing in bitcoin. close sideways shot. investments are being made on XTB on an iphone 17,"[0,54]","[77,126]",24,1756283824721,1756283824952,o,79, rarely, physical-keyboard,22,1,0
6150ca3f37e1fe330f70311d,prompt-to-image,0,5,5,generate an image of donald trump investing in bitcoin. close sideways shot. investments are being made on XTB on an iphone 17,"[0,54]","[77,126]",25,1756283824849,1756283825027,n,78, rarely, physical-keyboard,23,1,0
6150ca3f37e1fe330f70311d,prompt-to-image,0,5,5,generate an image of donald trump investing in bitcoin. close sideways shot. investments are being made on XTB on an iphone 17,"[0,54]","[77,126]",26,1756283825020,1756283825167,a,65, rarely, physical-keyboard,24,1,0
6150ca3f37e1fe330f70311d,prompt-to-image,0,5,5,generate an image of donald trump investing in bitcoin. close sideways shot. investments are being made on XTB on an iphone 17,"[0,54]","[77,126]",27,1756283825264,1756283825388,l,76, rarely, physical-keyboard,25,1,0
6150ca3f37e1fe330f70311d,prompt-to-image,0,5,5,generate an image of donald trump investing in bitcoin. close sideways shot. investments are being made on XTB on an iphone 17,"[0,54]","[77,126]",28,1756283825488,1756283825654,d,68, rarely, physical-keyboard,26,1,0
6150ca3f37e1fe330f70311d,prompt-to-image,0,5,5,generate an image of donald trump investing in bitcoin. close sideways shot. investments are being made on XTB on an iphone 17,"[0,54]","[77,126]",29,1756283826152,1756283826296, ,32, rarely, physical-keyboard,27,1,0
6150ca3f37e1fe330f70311d,prompt-to-image,0,5,5,generate an image of donald trump investing in bitcoin. close sideways shot. investments are being made on XTB on an iphone 17,"[0,54]","[77,126]",30,1756283826413,1756283826661,t,84, rarely, physical-keyboard,28,1,0
6150ca3f37e1fe330f70311d,prompt-to-image,0,5,5,generate an image of donald trump investing in bitcoin. close sideways shot. investments are being made on XTB on an iphone 17,"[0,54]","[77,126]",31,1756283826589,1756283826766,r,82, rarely, physical-keyboard,29,1,0
6150ca3f37e1fe330f70311d,prompt-to-image,0,5,5,generate an image of donald trump investing in bitcoin. close sideways shot. investments are being made on XTB on an iphone 17,"[0,54]","[77,126]",32,1756283827170,1756283827349,u,85, rarely, physical-keyboard,30,1,0
6150ca3f37e1fe330f70311d,prompt-to-image,0,5,5,generate an image of donald trump investing in bitcoin. close sideways shot. investments are being made on XTB on an iphone 17,"[0,54]","[77,126]",33,1756283827273,1756283827424,m,77, rarely, physical-keyboard,31,1,0
6150ca3f37e1fe330f70311d,prompt-to-image,0,5,5,generate an image of donald trump investing in bitcoin. close sideways shot. investments are being made on XTB on an iphone 17,"[0,54]","[77,126]",34,1756283827954,1756283828092,p,80, rarely, physical-keyboard,32,1,0
6150ca3f37e1fe330f70311d,prompt-to-image,0,5,5,generate an image of donald trump investing in bitcoin. close sideways shot. investments are being made on XTB on an iphone 17,"[0,54]","[77,126]",35,1756283828118,1756283828279, ,32, rarely, physical-keyboard,33,1,0
6150ca3f37e1fe330f70311d,prompt-to-image,0,5,5,generate an image of donald trump investing in bitcoin. close sideways shot. investments are being made on XTB on an iphone 17,"[0,54]","[77,126]",36,1756283828413,1756283828635,i,73, rarely, physical-keyboard,34,1,0
6150ca3f37e1fe330f70311d,prompt-to-image,0,5,5,generate an image of donald trump investing in bitcoin. close sideways shot. investments are being made on XTB on an iphone 17,"[0,54]","[77,126]",37,1756283828518,1756283828695,n,78, rarely, physical-keyboard,35,1,0
6150ca3f37e1fe330f70311d,prompt-to-image,0,5,5,generate an image of donald trump investing in bitcoin. close sideways shot. investments are being made on XTB on an iphone 17,"[0,54]","[77,126]",38,1756283828701,1756283828892,v,86, rarely, physical-keyboard,36,1,0
6150ca3f37e1fe330f70311d,prompt-to-image,0,5,5,generate an image of donald trump investing in bitcoin. close sideways shot. investments are being made on XTB on an iphone 17,"[0,54]","[77,126]",39,1756283828929,1756283829049,e,69, rarely, physical-keyboard,37,1,0
6150ca3f37e1fe330f70311d,prompt-to-image,0,5,5,generate an image of donald trump investing in bitcoin. close sideways shot. investments are being made on XTB on an iphone 17,"[0,54]","[77,126]",40,1756283829216,1756283829282,s,83, rarely, physical-keyboard,38,1,0
6150ca3f37e1fe330f70311d,prompt-to-image,0,5,5,generate an image of donald trump investing in bitcoin. close sideways shot. investments are being made on XTB on an iphone 17,"[0,54]","[77,126]",41,1756283829474,1756283829574,t,84, rarely, physical-keyboard,39,1,0
6150ca3f37e1fe330f70311d,prompt-to-image,0,5,5,generate an image of donald trump investing in bitcoin. close sideways shot. investments are being made on XTB on an iphone 17,"[0,54]","[77,126]",42,1756283829684,1756283829928,i,73, rarely, physical-keyboard,40,1,0
6150ca3f37e1fe330f70311d,prompt-to-image,0,5,5,generate an image of donald trump investing in bitcoin. close sideways shot. investments are being made on XTB on an iphone 17,"[0,54]","[77,126]",43,1756283829818,1756283830022,n,78, rarely, physical-keyboard,41,1,0
6150ca3f37e1fe330f70311d,prompt-to-image,0,5,5,generate an image of donald trump investing in bitcoin. close sideways shot. investments are being made on XTB on an iphone 17,"[0,54]","[77,126]",44,1756283830642,1756283830767,g,71, rarely, physical-keyboard,42,1,0
6150ca3f37e1fe330f70311d,prompt-to-image,0,5,5,generate an image of donald trump investing in bitcoin. close sideways shot. investments are being made on XTB on an iphone 17,"[0,54]","[77,126]",45,1756283830744,1756283830914, ,32, rarely, physical-keyboard,43,1,0
6150ca3f37e1fe330f70311d,prompt-to-image,0,5,5,generate an image of donald trump investing in bitcoin. close sideways shot. investments are being made on XTB on an iphone 17,"[0,54]","[77,126]",46,1756283831036,1756283831220,i,73, rarely, physical-keyboard,44,1,0
6150ca3f37e1fe330f70311d,prompt-to-image,0,5,5,generate an image of donald trump investing in bitcoin. close sideways shot. investments are being made on XTB on an iphone 17,"[0,54]","[77,126]",47,1756283831108,1756283831278,n,78, rarely, physical-keyboard,45,1,0
6150ca3f37e1fe330f70311d,prompt-to-image,0,5,5,generate an image of donald trump investing in bitcoin. close sideways shot. investments are being made on XTB on an iphone 17,"[0,54]","[77,126]",48,1756283831231,1756283831388, ,32, rarely, physical-keyboard,46,1,0
6150ca3f37e1fe330f70311d,prompt-to-image,0,5,5,generate an image of donald trump investing in bitcoin. close sideways shot. investments are being made on XTB on an iphone 17,"[0,54]","[77,126]",49,1756283832049,1756283832288,b,66, rarely, physical-keyboard,47,1,0
6150ca3f37e1fe330f70311d,prompt-to-image,0,5,5,generate an image of donald trump investing in bitcoin. close sideways shot. investments are being made on XTB on an iphone 17,"[0,54]","[77,126]",50,1756283832178,1756283832325,i,73, rarely, physical-keyboard,48,1,0
6150ca3f37e1fe330f70311d,prompt-to-image,0,5,5,generate an image of donald trump investing in bitcoin. close sideways shot. investments are being made on XTB on an iphone 17,"[0,54]","[77,126]",51,1756283832272,1756283832370,t,84, rarely, physical-keyboard,49,1,0
6150ca3f37e1fe330f70311d,prompt-to-image,0,5,5,generate an image of donald trump investing in bitcoin. close sideways shot. investments are being made on XTB on an iphone 17,"[0,54]","[77,126]",52,1756283832942,1756283833086,c,67, rarely, physical-keyboard,50,1,0
6150ca3f37e1fe330f70311d,prompt-to-image,0,5,5,generate an image of donald trump investing in bitcoin. close sideways shot. investments are being made on XTB on an iphone 17,"[0,54]","[77,126]",53,1756283833119,1756283833374,o,79, rarely, physical-keyboard,51,1,0
6150ca3f37e1fe330f70311d,prompt-to-image,0,5,5,generate an image of donald trump investing in bitcoin. close sideways shot. investments are being made on XTB on an iphone 17,"[0,54]","[77,126]",54,1756283833251,1756283833413,i,73, rarely, physical-keyboard,52,1,0
6150ca3f37e1fe330f70311d,prompt-to-image,0,5,5,generate an image of donald trump investing in bitcoin. close sideways shot. investments are being made on XTB on an iphone 17,"[0,54]","[77,126]",55,1756283833564,1756283833710,n,78, rarely, physical-keyboard,53,1,0
6150ca3f37e1fe330f70311d,prompt-to-image,0,5,5,generate an image of donald trump investing in bitcoin. close sideways shot. investments are being made on XTB on an iphone 17,"[0,54]","[77,126]",56,1756283836245,1756283836376,.,190, rarely, physical-keyboard,54,1,0
6150ca3f37e1fe330f70311d,prompt-to-image,0,5,5,generate an image of donald trump investing in bitcoin. close sideways shot. investments are being made on XTB on an iphone 17,"[0,54]","[77,126]",57,1756283836380,1756283836523, ,32, rarely, physical-keyboard,55,0,0
6150ca3f37e1fe330f70311d,prompt-to-image,0,5,5,generate an image of donald trump investing in bitcoin. close sideways shot. investments are being made on XTB on an iphone 17,"[0,54]","[77,126]",58,1756283836971,1756283837096,c,67, rarely, physical-keyboard,56,0,0
6150ca3f37e1fe330f70311d,prompt-to-image,0,5,5,generate an image of donald trump investing in bitcoin. close sideways shot. investments are being made on XTB on an iphone 17,"[0,54]","[77,126]",59,1756283837087,1756283837203,l,76, rarely, physical-keyboard,57,0,0
6150ca3f37e1fe330f70311d,prompt-to-image,0,5,5,generate an image of donald trump investing in bitcoin. close sideways shot. investments are being made on XTB on an iphone 17,"[0,54]","[77,126]",60,1756283837287,1756283837436,o,79, rarely, physical-keyboard,58,0,0
6150ca3f37e1fe330f70311d,prompt-to-image,0,5,5,generate an image of donald trump investing in bitcoin. close sideways shot. investments are being made on XTB on an iphone 17,"[0,54]","[77,126]",61,1756283837519,1756283837694,s,83, rarely, physical-keyboard,59,0,0
6150ca3f37e1fe330f70311d,prompt-to-image,0,5,5,generate an image of donald trump investing in bitcoin. close sideways shot. investments are being made on XTB on an iphone 17,"[0,54]","[77,126]",62,1756283837593,1756283837804,e,69, rarely, physical-keyboard,60,0,0
6150ca3f37e1fe330f70311d,prompt-to-image,0,5,5,generate an image of donald trump investing in bitcoin. close sideways shot. investments are being made on XTB on an iphone 17,"[0,54]","[77,126]",63,1756283837751,1756283837896, ,32, rarely, physical-keyboard,61,0,0
6150ca3f37e1fe330f70311d,prompt-to-image,0,5,5,generate an image of donald trump investing in bitcoin. close sideways shot. investments are being made on XTB on an iphone 17,"[0,54]","[77,126]",64,1756283837956,1756283838100,o,79, rarely, physical-keyboard,62,0,0
6150ca3f37e1fe330f70311d,prompt-to-image,0,5,5,generate an image of donald trump investing in bitcoin. close sideways shot. investments are being made on XTB on an iphone 17,"[0,54]","[77,126]",65,1756283838573,1756283838738,Backspace,8, rarely, physical-keyboard,62,0,0
6150ca3f37e1fe330f70311d,prompt-to-image,0,5,5,generate an image of donald trump investing in bitcoin. close sideways shot. investments are being made on XTB on an iphone 17,"[0,54]","[77,126]",66,1756283840526,1756283840669,s,83, rarely, physical-keyboard,62,0,0
6150ca3f37e1fe330f70311d,prompt-to-image,0,5,5,generate an image of donald trump investing in bitcoin. close sideways shot. investments are being made on XTB on an iphone 17,"[0,54]","[77,126]",67,1756283840697,1756283840808,i,73, rarely, physical-keyboard,63,0,0
6150ca3f37e1fe330f70311d,prompt-to-image,0,5,5,generate an image of donald trump investing in bitcoin. close sideways shot. investments are being made on XTB on an iphone 17,"[0,54]","[77,126]",68,1756283840801,1756283840964,d,68, rarely, physical-keyboard,64,0,0
6150ca3f37e1fe330f70311d,prompt-to-image,0,5,5,generate an image of donald trump investing in bitcoin. close sideways shot. investments are being made on XTB on an iphone 17,"[0,54]","[77,126]",69,1756283840888,1756283841047,e,69, rarely, physical-keyboard,65,0,0
6150ca3f37e1fe330f70311d,prompt-to-image,0,5,5,generate an image of donald trump investing in bitcoin. close sideways shot. investments are being made on XTB on an iphone 17,"[0,54]","[77,126]",70,1756283841197,1756283841322,w,87, rarely, physical-keyboard,66,0,0
6150ca3f37e1fe330f70311d,prompt-to-image,0,5,5,generate an image of donald trump investing in bitcoin. close sideways shot. investments are being made on XTB on an iphone 17,"[0,54]","[77,126]",71,1756283841441,1756283841572,a,65, rarely, physical-keyboard,67,0,0
6150ca3f37e1fe330f70311d,prompt-to-image,0,5,5,generate an image of donald trump investing in bitcoin. close sideways shot. investments are being made on XTB on an iphone 17,"[0,54]","[77,126]",72,1756283841578,1756283841700,y,89, rarely, physical-keyboard,68,0,0
6150ca3f37e1fe330f70311d,prompt-to-image,0,5,5,generate an image of donald trump investing in bitcoin. close sideways shot. investments are being made on XTB on an iphone 17,"[0,54]","[77,126]",73,1756283841691,1756283841873,s,83, rarely, physical-keyboard,69,0,0
6150ca3f37e1fe330f70311d,prompt-to-image,0,5,5,generate an image of donald trump investing in bitcoin. close sideways shot. investments are being made on XTB on an iphone 17,"[0,54]","[77,126]",74,1756283841841,1756283842029, ,32, rarely, physical-keyboard,70,0,0
6150ca3f37e1fe330f70311d,prompt-to-image,0,5,5,generate an image of donald trump investing in bitcoin. close sideways shot. investments are being made on XTB on an iphone 17,"[0,54]","[77,126]",75,1756283842298,1756283842420,s,83, rarely, physical-keyboard,71,0,0
6150ca3f37e1fe330f70311d,prompt-to-image,0,5,5,generate an image of donald trump investing in bitcoin. close sideways shot. investments are being made on XTB on an iphone 17,"[0,54]","[77,126]",76,1756283842435,1756283842592,h,72, rarely, physical-keyboard,72,0,0
6150ca3f37e1fe330f70311d,prompt-to-image,0,5,5,generate an image of donald trump investing in bitcoin. close sideways shot. investments are being made on XTB on an iphone 17,"[0,54]","[77,126]",77,1756283842494,1756283842637,o,79, rarely, physical-keyboard,73,0,0
6150ca3f37e1fe330f70311d,prompt-to-image,0,5,5,generate an image of donald trump investing in bitcoin. close sideways shot. investments are being made on XTB on an iphone 17,"[0,54]","[77,126]",78,1756283842595,1756283842699,t,84, rarely, physical-keyboard,74,0,0
6150ca3f37e1fe330f70311d,prompt-to-image,0,5,5,generate an image of donald trump investing in bitcoin. close sideways shot. investments are being made on XTB on an iphone 17,"[0,54]","[77,126]",79,1756283843318,1756283843453,.,190, rarely, physical-keyboard,75,0,0
6150ca3f37e1fe330f70311d,prompt-to-image,0,5,5,generate an image of donald trump investing in bitcoin. close sideways shot. investments are being made on XTB on an iphone 17,"[0,54]","[77,126]",80,1756283843462,1756283843610, ,32, rarely, physical-keyboard,76,0,0
6150ca3f37e1fe330f70311d,prompt-to-image,0,5,5,generate an image of donald trump investing in bitcoin. close sideways shot. investments are being made on XTB on an iphone 17,"[0,54]","[77,126]",81,1756283843733,1756283843938,i,73, rarely, physical-keyboard,77,0,1
6150ca3f37e1fe330f70311d,prompt-to-image,0,5,5,generate an image of donald trump investing in bitcoin. close sideways shot. investments are being made on XTB on an iphone 17,"[0,54]","[77,126]",82,1756283843852,1756283844008,n,78, rarely, physical-keyboard,78,0,1
6150ca3f37e1fe330f70311d,prompt-to-image,0,5,5,generate an image of donald trump investing in bitcoin. close sideways shot. investments are being made on XTB on an iphone 17,"[0,54]","[77,126]",83,1756283844030,1756283844240,v,86, rarely, physical-keyboard,79,0,1
6150ca3f37e1fe330f70311d,prompt-to-image,0,5,5,generate an image of donald trump investing in bitcoin. close sideways shot. investments are being made on XTB on an iphone 17,"[0,54]","[77,126]",84,1756283844176,1756283844332,e,69, rarely, physical-keyboard,80,0,1
6150ca3f37e1fe330f70311d,prompt-to-image,0,5,5,generate an image of donald trump investing in bitcoin. close sideways shot. investments are being made on XTB on an iphone 17,"[0,54]","[77,126]",85,1756283844457,1756283844572,s,83, rarely, physical-keyboard,81,0,1
6150ca3f37e1fe330f70311d,prompt-to-image,0,5,5,generate an image of donald trump investing in bitcoin. close sideways shot. investments are being made on XTB on an iphone 17,"[0,54]","[77,126]",86,1756283844667,1756283844818,t,84, rarely, physical-keyboard,82,0,1
6150ca3f37e1fe330f70311d,prompt-to-image,0,5,5,generate an image of donald trump investing in bitcoin. close sideways shot. investments are being made on XTB on an iphone 17,"[0,54]","[77,126]",87,1756283844755,1756283844890,e,69, rarely, physical-keyboard,83,0,1
6150ca3f37e1fe330f70311d,prompt-to-image,0,5,5,generate an image of donald trump investing in bitcoin. close sideways shot. investments are being made on XTB on an iphone 17,"[0,54]","[77,126]",88,1756283844922,1756283845172,m,77, rarely, physical-keyboard,83,0,1
6150ca3f37e1fe330f70311d,prompt-to-image,0,5,5,generate an image of donald trump investing in bitcoin. close sideways shot. investments are being made on XTB on an iphone 17,"[0,54]","[77,126]",89,1756283846404,1756283846523,Backspace,8, rarely, physical-keyboard,83,0,1
6150ca3f37e1fe330f70311d,prompt-to-image,0,5,5,generate an image of donald trump investing in bitcoin. close sideways shot. investments are being made on XTB on an iphone 17,"[0,54]","[77,126]",90,1756283846577,1756283846679,Backspace,8, rarely, physical-keyboard,83,0,1
6150ca3f37e1fe330f70311d,prompt-to-image,0,5,5,generate an image of donald trump investing in bitcoin. close sideways shot. investments are being made on XTB on an iphone 17,"[0,54]","[77,126]",91,1756283847112,1756283847236,m,77, rarely, physical-keyboard,83,0,1
6150ca3f37e1fe330f70311d,prompt-to-image,0,5,5,generate an image of donald trump investing in bitcoin. close sideways shot. investments are being made on XTB on an iphone 17,"[0,54]","[77,126]",92,1756283847209,1756283847325,e,69, rarely, physical-keyboard,84,0,1
6150ca3f37e1fe330f70311d,prompt-to-image,0,5,5,generate an image of donald trump investing in bitcoin. close sideways shot. investments are being made on XTB on an iphone 17,"[0,54]","[77,126]",93,1756283847330,1756283847450,n,78, rarely, physical-keyboard,85,0,1
6150ca3f37e1fe330f70311d,prompt-to-image,0,5,5,generate an image of donald trump investing in bitcoin. close sideways shot. investments are being made on XTB on an iphone 17,"[0,54]","[77,126]",94,1756283847400,1756283847515,t,84, rarely, physical-keyboard,86,0,1
6150ca3f37e1fe330f70311d,prompt-to-image,0,5,5,generate an image of donald trump investing in bitcoin. close sideways shot. investments are being made on XTB on an iphone 17,"[0,54]","[77,126]",95,1756283847727,1756283847891,s,83, rarely, physical-keyboard,87,0,1
6150ca3f37e1fe330f70311d,prompt-to-image,0,5,5,generate an image of donald trump investing in bitcoin. close sideways shot. investments are being made on XTB on an iphone 17,"[0,54]","[77,126]",96,1756283847899,1756283848078, ,32, rarely, physical-keyboard,88,0,1
6150ca3f37e1fe330f70311d,prompt-to-image,0,5,5,generate an image of donald trump investing in bitcoin. close sideways shot. investments are being made on XTB on an iphone 17,"[0,54]","[77,126]",97,1756283848061,1756283848207,a,65, rarely, physical-keyboard,89,0,1
6150ca3f37e1fe330f70311d,prompt-to-image,0,5,5,generate an image of donald trump investing in bitcoin. close sideways shot. investments are being made on XTB on an iphone 17,"[0,54]","[77,126]",98,1756283848313,1756283848496,r,82, rarely, physical-keyboard,90,0,1
6150ca3f37e1fe330f70311d,prompt-to-image,0,5,5,generate an image of donald trump investing in bitcoin. close sideways shot. investments are being made on XTB on an iphone 17,"[0,54]","[77,126]",99,1756283848406,1756283848586,e,69, rarely, physical-keyboard,91,0,1
6150ca3f37e1fe330f70311d,prompt-to-image,0,5,5,generate an image of donald trump investing in bitcoin. close sideways shot. investments are being made on XTB on an iphone 17,"[0,54]","[77,126]",100,1756283848506,1756283848670, ,32, rarely, physical-keyboard,92,0,1
6150ca3f37e1fe330f70311d,prompt-to-image,0,5,5,generate an image of donald trump investing in bitcoin. close sideways shot. investments are being made on XTB on an iphone 17,"[0,54]","[77,126]",101,1756283848778,1756283848925,b,66, rarely, physical-keyboard,93,0,1
6150ca3f37e1fe330f70311d,prompt-to-image,0,5,5,generate an image of donald trump investing in bitcoin. close sideways shot. investments are being made on XTB on an iphone 17,"[0,54]","[77,126]",102,1756283848889,1756283849026,e,69, rarely, physical-keyboard,94,0,1
6150ca3f37e1fe330f70311d,prompt-to-image,0,5,5,generate an image of donald trump investing in bitcoin. close sideways shot. investments are being made on XTB on an iphone 17,"[0,54]","[77,126]",103,1756283850419,1756283850624,i,73, rarely, physical-keyboard,95,0,1
6150ca3f37e1fe330f70311d,prompt-to-image,0,5,5,generate an image of donald trump investing in bitcoin. close sideways shot. investments are being made on XTB on an iphone 17,"[0,54]","[77,126]",104,1756283850517,1756283850689,n,78, rarely, physical-keyboard,96,0,1
6150ca3f37e1fe330f70311d,prompt-to-image,0,5,5,generate an image of donald trump investing in bitcoin. close sideways shot. investments are being made on XTB on an iphone 17,"[0,54]","[77,126]",105,1756283850662,1756283850819,g,71, rarely, physical-keyboard,97,0,1
6150ca3f37e1fe330f70311d,prompt-to-image,0,5,5,generate an image of donald trump investing in bitcoin. close sideways shot. investments are being made on XTB on an iphone 17,"[0,54]","[77,126]",106,1756283850755,1756283850916, ,32, rarely, physical-keyboard,98,0,1
6150ca3f37e1fe330f70311d,prompt-to-image,0,5,5,generate an image of donald trump investing in bitcoin. close sideways shot. investments are being made on XTB on an iphone 17,"[0,54]","[77,126]",107,1756283850906,1756283851040,m,77, rarely, physical-keyboard,99,0,1
6150ca3f37e1fe330f70311d,prompt-to-image,0,5,5,generate an image of donald trump investing in bitcoin. close sideways shot. investments are being made on XTB on an iphone 17,"[0,54]","[77,126]",108,1756283851046,1756283851179,a,65, rarely, physical-keyboard,100,0,1
6150ca3f37e1fe330f70311d,prompt-to-image,0,5,5,generate an image of donald trump investing in bitcoin. close sideways shot. investments are being made on XTB on an iphone 17,"[0,54]","[77,126]",109,1756283851261,1756283851500,d,68, rarely, physical-keyboard,101,0,1
6150ca3f37e1fe330f70311d,prompt-to-image,0,5,5,generate an image of donald trump investing in bitcoin. close sideways shot. investments are being made on XTB on an iphone 17,"[0,54]","[77,126]",110,1756283851369,1756283851545,e,69, rarely, physical-keyboard,102,0,1
6150ca3f37e1fe330f70311d,prompt-to-image,0,5,5,generate an image of donald trump investing in bitcoin. close sideways shot. investments are being made on XTB on an iphone 17,"[0,54]","[77,126]",111,1756283851425,1756283851628, ,32, rarely, physical-keyboard,103,0,1
6150ca3f37e1fe330f70311d,prompt-to-image,0,5,5,generate an image of donald trump investing in bitcoin. close sideways shot. investments are being made on XTB on an iphone 17,"[0,54]","[77,126]",112,1756283851716,1756283851950,o,79, rarely, physical-keyboard,104,0,1
6150ca3f37e1fe330f70311d,prompt-to-image,0,5,5,generate an image of donald trump investing in bitcoin. close sideways shot. investments are being made on XTB on an iphone 17,"[0,54]","[77,126]",113,1756283851806,1756283851989,n,78, rarely, physical-keyboard,105,0,1
6150ca3f37e1fe330f70311d,prompt-to-image,0,5,5,generate an image of donald trump investing in bitcoin. close sideways shot. investments are being made on XTB on an iphone 17,"[0,54]","[77,126]",114,1756283852013,1756283852171, ,32, rarely, physical-keyboard,106,0,1
6150ca3f37e1fe330f70311d,prompt-to-image,0,5,5,generate an image of donald trump investing in bitcoin. close sideways shot. investments are being made on XTB on an iphone 17,"[0,54]","[77,126]",115,1756283852686,1756283852862,CapsLock,20, rarely, physical-keyboard,-1,0,0
6150ca3f37e1fe330f70311d,prompt-to-image,0,5,5,generate an image of donald trump investing in bitcoin. close sideways shot. investments are being made on XTB on an iphone 17,"[0,54]","[77,126]",116,1756283852884,1756283853023,X,88, rarely, physical-keyboard,107,0,1
6150ca3f37e1fe330f70311d,prompt-to-image,0,5,5,generate an image of donald trump investing in bitcoin. close sideways shot. investments are being made on XTB on an iphone 17,"[0,54]","[77,126]",117,1756283853177,1756283853292,T,84, rarely, physical-keyboard,108,0,1
6150ca3f37e1fe330f70311d,prompt-to-image,0,5,5,generate an image of donald trump investing in bitcoin. close sideways shot. investments are being made on XTB on an iphone 17,"[0,54]","[77,126]",118,1756283853661,1756283853788,B,66, rarely, physical-keyboard,109,0,1
6150ca3f37e1fe330f70311d,prompt-to-image,0,5,5,generate an image of donald trump investing in bitcoin. close sideways shot. investments are being made on XTB on an iphone 17,"[0,54]","[77,126]",119,1756283853870,1756283854098,CapsLock,20, rarely, physical-keyboard,-1,0,0
6150ca3f37e1fe330f70311d,prompt-to-image,0,5,5,generate an image of donald trump investing in bitcoin. close sideways shot. investments are being made on XTB on an iphone 17,"[0,54]","[77,126]",120,1756283854156,1756283854321, ,32, rarely, physical-keyboard,110,0,1
6150ca3f37e1fe330f70311d,prompt-to-image,0,5,5,generate an image of donald trump investing in bitcoin. close sideways shot. investments are being made on XTB on an iphone 17,"[0,54]","[77,126]",121,1756283854876,1756283855104,o,79, rarely, physical-keyboard,111,0,1
6150ca3f37e1fe330f70311d,prompt-to-image,0,5,5,generate an image of donald trump investing in bitcoin. close sideways shot. investments are being made on XTB on an iphone 17,"[0,54]","[77,126]",122,1756283854986,1756283855171,n,78, rarely, physical-keyboard,112,0,1
6150ca3f37e1fe330f70311d,prompt-to-image,0,5,5,generate an image of donald trump investing in bitcoin. close sideways shot. investments are being made on XTB on an iphone 17,"[0,54]","[77,126]",123,1756283855163,1756283855330, ,32, rarely, physical-keyboard,113,0,1
6150ca3f37e1fe330f70311d,prompt-to-image,0,5,5,generate an image of donald trump investing in bitcoin. close sideways shot. investments are being made on XTB on an iphone 17,"[0,54]","[77,126]",124,1756283856033,1756283856232,a,65, rarely, physical-keyboard,114,0,1
6150ca3f37e1fe330f70311d,prompt-to-image,0,5,5,generate an image of donald trump investing in bitcoin. close sideways shot. investments are being made on XTB on an iphone 17,"[0,54]","[77,126]",125,1756283856467,1756283856592,n,78, rarely, physical-keyboard,115,0,1
6150ca3f37e1fe330f70311d,prompt-to-image,0,5,5,generate an image of donald trump investing in bitcoin. close sideways shot. investments are being made on XTB on an iphone 17,"[0,54]","[77,126]",126,1756283856785,1756283856935, ,32, rarely, physical-keyboard,116,0,1
6150ca3f37e1fe330f70311d,prompt-to-image,0,5,5,generate an image of donald trump investing in bitcoin. close sideways shot. investments are being made on XTB on an iphone 17,"[0,54]","[77,126]",127,1756283857115,1756283857211,i,73, rarely, physical-keyboard,117,0,1
6150ca3f37e1fe330f70311d,prompt-to-image,0,5,5,generate an image of donald trump investing in bitcoin. close sideways shot. investments are being made on XTB on an iphone 17,"[0,54]","[77,126]",128,1756283857365,1756283857508,p,80, rarely, physical-keyboard,118,0,1
6150ca3f37e1fe330f70311d,prompt-to-image,0,5,5,generate an image of donald trump investing in bitcoin. close sideways shot. investments are being made on XTB on an iphone 17,"[0,54]","[77,126]",129,1756283857493,1756283857608,h,72, rarely, physical-keyboard,119,0,1
6150ca3f37e1fe330f70311d,prompt-to-image,0,5,5,generate an image of donald trump investing in bitcoin. close sideways shot. investments are being made on XTB on an iphone 17,"[0,54]","[77,126]",130,1756283857650,1756283857875,o,79, rarely, physical-keyboard,120,0,1
6150ca3f37e1fe330f70311d,prompt-to-image,0,5,5,generate an image of donald trump investing in bitcoin. close sideways shot. investments are being made on XTB on an iphone 17,"[0,54]","[77,126]",131,1756283857767,1756283857897,n,78, rarely, physical-keyboard,121,0,1
6150ca3f37e1fe330f70311d,prompt-to-image,0,5,5,generate an image of donald trump investing in bitcoin. close sideways shot. investments are being made on XTB on an iphone 17,"[0,54]","[77,126]",132,1756283857869,1756283858050,e,69, rarely, physical-keyboard,122,0,1
6150ca3f37e1fe330f70311d,prompt-to-image,0,5,5,generate an image of donald trump investing in bitcoin. close sideways shot. investments are being made on XTB on an iphone 17,"[0,54]","[77,126]",133,1756283858022,1756283858181, ,32, rarely, physical-keyboard,123,0,1
6150ca3f37e1fe330f70311d,prompt-to-image,0,5,5,generate an image of donald trump investing in bitcoin. close sideways shot. investments are being made on XTB on an iphone 17,"[0,54]","[77,126]",134,1756283858859,1756283859091,7,103, rarely, physical-keyboard,124,0,1
6150ca3f37e1fe330f70311d,prompt-to-image,0,5,5,generate an image of donald trump investing in bitcoin. close sideways shot. investments are being made on XTB on an iphone 17,"[0,54]","[77,126]",135,1756283858864,1756283859164,1,97, rarely, physical-keyboard,124,0,1
6150ca3f37e1fe330f70311d,prompt-to-image,0,5,5,generate an image of donald trump investing in bitcoin. close sideways shot. investments are being made on XTB on an iphone 17,"[0,54]","[77,126]",136,1756283859779,1756283859862,Backspace,8, rarely, physical-keyboard,124,0,1
6150ca3f37e1fe330f70311d,prompt-to-image,0,5,5,generate an image of donald trump investing in bitcoin. close sideways shot. investments are being made on XTB on an iphone 17,"[0,54]","[77,126]",137,1756283859927,1756283860018,Backspace,8, rarely, physical-keyboard,124,0,1
6150ca3f37e1fe330f70311d,prompt-to-image,0,5,5,generate an image of donald trump investing in bitcoin. close sideways shot. investments are being made on XTB on an iphone 17,"[0,54]","[77,126]",138,1756283860473,1756283860674,1,97, rarely, physical-keyboard,124,0,1
6150ca3f37e1fe330f70311d,prompt-to-image,0,5,5,generate an image of donald trump investing in bitcoin. close sideways shot. investments are being made on XTB on an iphone 17,"[0,54]","[77,126]",139,1756283860590,1756283860702,7,103, rarely, physical-keyboard,125,0,1
